#Timestamp	Benchmark	Run(#)	CPU Frequency (MHz)	CPU Temperature(C)	Voltage[V]	Power[W]	L1D_CACHE	CPU_CYCLES	L1I_CACHE	BUS_CYCLES	BUS_ACCESS_PERIPH	BR_RETURN_SPEC
1	blackscholes	1	102	28	5.072000	0.243000	452409443	1447728119	577659203	1447715365	32808	24752454	
1	blackscholes	1	102	27	5.072000	0.202000	453142301	1442756782	577314994	1442745498	31513	24918691	
1	blackscholes	1	102	27	5.072000	0.243000	455244863	1452149909	580274600	1452138268	32837	25069202	
1	blackscholes	1	204	28	5.064000	0.364000	443100820	1401522227	562705273	1401512399	16029	24163426	
1	blackscholes	1	204	28	5.064000	0.364000	450070520	1416665363	569861179	1416655892	15154	24815394	
1	blackscholes	1	204	28	5.064000	0.364000	449624784	1419822124	569277123	1419812198	15858	24769169	
1	blackscholes	1	307	28	5.064000	0.445000	441815570	1397774884	558597872	1397765770	10463	24148855	
1	blackscholes	1	307	28	5.064000	0.445000	440965076	1397371759	558593073	1397362057	10800	24079485	
1	blackscholes	1	307	28	5.064000	0.486000	443798742	1406003973	561132352	1405994635	11300	24319213	
1	blackscholes	1	403	28	5.064000	0.526000	438899655	1393647748	554338833	1393639208	8385	23922900	
1	blackscholes	1	403	28	5.064000	0.486000	444119820	1415177473	560221649	1415168443	9015	24440672	
1	blackscholes	1	403	28	5.056000	0.525000	439200260	1400436300	556212246	1400428075	8400	23969581	
1	blackscholes	1	518	28	5.056000	0.566000	440788245	1416292925	556736711	1416284399	7277	24173122	
1	blackscholes	1	518	28	5.056000	0.606000	437424032	1403439432	552752433	1403431256	6761	23848721	
1	blackscholes	1	518	28	5.056000	0.606000	437183468	1404806449	552485265	1404798322	6761	23821402	
1	blackscholes	1	614	28	5.056000	0.687000	437713088	1425532108	552638847	1425524051	6287	23837529	
1	blackscholes	1	614	28	5.056000	0.647000	444523951	1441132238	560106391	1441124258	5844	24504934	
1	blackscholes	1	614	28	5.056000	0.647000	443213684	1437928666	559181470	1437920252	6510	24411066	
1	blackscholes	1	710	28	5.056000	0.728000	440741114	1441473599	556040539	1441465339	5719	24182755	
1	blackscholes	1	710	28	5.056000	0.728000	439771137	1439472726	556377079	1439464438	5735	24098878	
1	blackscholes	1	710	28	5.048000	0.726000	438491855	1436360023	553288472	1436351546	5882	23950104	
1	blackscholes	1	921	28	5.056000	0.768000	438480298	1463976364	553011202	1463968279	4560	23993738	
1	blackscholes	1	921	28	5.048000	0.848000	434492281	1454398379	549776196	1454390322	4930	23585675	
1	blackscholes	1	921	28	5.048000	0.848000	438064522	1463960514	553034957	1463952520	4230	23946918	
1	blackscholes	1	1036	29	5.048000	0.888000	443414643	1493854477	558260755	1493846889	3923	24471338	
1	blackscholes	1	1036	29	5.048000	0.888000	437496189	1477482470	551987011	1477474287	4375	23859912	
1	blackscholes	1	1036	29	5.048000	0.888000	437445509	1480792977	552172855	1480785025	4285	23881659	
1	blackscholes	1	1132	29	5.048000	0.888000	440509230	1496907078	555563564	1496899469	3732	24143094	
1	blackscholes	1	1132	29	5.048000	0.888000	437822875	1486351841	552371264	1486343672	4120	23886958	
1	blackscholes	1	1132	29	5.048000	0.888000	437922828	1486732019	552509483	1486724389	3757	23883172	
1	blackscholes	1	1224	29	5.048000	1.009000	436964247	1503752880	552726836	1503745166	3677	23854267	
1	blackscholes	1	1224	29	5.048000	1.049000	436995436	1501365544	552537607	1501357571	3842	23814339	
1	blackscholes	1	1224	29	5.048000	1.090000	438422615	1502843039	553050433	1502834737	4145	23993467	
1	blackscholes	1	1428	29	5.040000	1.330000	437746238	1530588596	553061261	1530580826	3376	23918462	
1	blackscholes	1	1428	29	5.040000	1.370000	437843418	1528907596	551521009	1528900120	3131	23942854	
1	blackscholes	1	1428	30	5.040000	1.330000	439578514	1533253860	553418459	1533246342	3151	24090002	
1	blackscholes	1	1479	30	5.032000	1.408000	436998667	1535024651	551271200	1535016993	3158	23859860	
1	blackscholes	1	1479	29	5.040000	1.408000	434735779	1523944097	548149256	1523936453	3266	23650720	
1	blackscholes	1	1479	30	5.032000	1.449000	437764072	1535357592	551906474	1535350123	3190	23949801	
1	dedup	1	102	28	5.064000	0.243000	455938626	1445525166	580123376	1445513938	31234	24963689	
1	dedup	1	102	28	5.072000	0.243000	459479232	1459408391	583001903	1459397058	31679	25378488	
1	dedup	1	102	28	5.072000	0.243000	455624593	1449511109	579205838	1449499720	32537	24925340	
1	dedup	1	204	28	5.064000	0.364000	450969168	1421161852	569318144	1421151884	16040	24819652	
1	dedup	1	204	28	5.072000	0.324000	449729335	1415599696	568645666	1415589588	16056	24636982	
1	dedup	1	204	28	5.064000	0.324000	446019856	1409095262	565555246	1409084503	16222	24302662	
1	dedup	1	307	28	5.064000	0.445000	447040873	1410914145	564299196	1410904590	11215	24510091	
1	dedup	1	307	28	5.064000	0.445000	445022132	1408792921	561666108	1408784381	11458	24294588	
1	dedup	1	307	28	5.064000	0.405000	448647414	1420998252	568357139	1420988375	12073	24608187	
1	dedup	1	403	28	5.056000	0.525000	448109016	1422229568	564025660	1422220699	8946	24607738	
1	dedup	1	403	28	5.064000	0.526000	445575877	1419053569	562488014	1419044350	8870	24446195	
1	dedup	1	403	28	5.056000	0.525000	446595407	1417323156	562330444	1417313608	8869	24543655	
1	dedup	1	518	29	5.056000	0.606000	445063007	1429179756	561973817	1429169921	8248	24369784	
1	dedup	1	518	29	5.056000	0.606000	444432187	1423377545	560282586	1423368445	7566	24343075	
1	dedup	1	518	28	5.056000	0.606000	443168261	1423869123	559323646	1423860499	7211	24206738	
1	dedup	1	614	28	5.056000	0.687000	445527876	1442798590	560338461	1442789777	6884	24424749	
1	dedup	1	614	29	5.056000	0.647000	443028845	1436716726	558862485	1436708165	6501	24198810	
1	dedup	1	614	29	5.056000	0.647000	444264151	1440717858	559614053	1440709157	6207	24341994	
1	dedup	1	710	28	5.056000	0.687000	447403757	1458206013	562188743	1458196892	5764	24679071	
1	dedup	1	710	29	5.056000	0.728000	447952751	1459469639	562605246	1459460609	5782	24700182	
1	dedup	1	710	28	5.056000	0.768000	443509394	1449908154	558228939	1449900006	6364	24284096	
1	dedup	1	921	29	5.048000	0.807000	440295588	1469705781	555454250	1469697675	4852	23993416	
1	dedup	1	921	29	5.048000	0.848000	445217602	1483875343	559642489	1483866453	4839	24448190	
1	dedup	1	921	29	5.048000	0.807000	443757980	1481131948	559419860	1481123282	4812	24298957	
1	dedup	1	1036	29	5.048000	0.928000	442747035	1492436437	556654870	1492428338	4527	24219246	
1	dedup	1	1036	29	5.048000	0.928000	442600390	1494530155	557238772	1494521566	4780	24207086	
1	dedup	1	1036	29	5.048000	0.928000	443557472	1496327618	559426652	1496318952	5104	24297949	
1	dedup	1	1132	29	5.048000	0.969000	448738223	1520317015	563285119	1520308587	4418	24796391	
1	dedup	1	1132	29	5.048000	0.928000	448237038	1519745234	563151474	1519737086	4440	24719141	
1	dedup	1	1132	29	5.048000	0.969000	443358303	1501230170	559237980	1501221756	4141	24289503	
1	dedup	1	1224	30	5.048000	1.049000	442781312	1516867575	556962133	1516859553	4313	24224145	
1	dedup	1	1224	29	5.048000	1.049000	446906013	1529566348	561857029	1529558039	3961	24636908	
1	dedup	1	1224	30	5.048000	1.009000	447532522	1533074982	562279468	1533066666	4127	24689844	
1	dedup	1	1428	30	5.040000	1.290000	440406259	1535299580	554126055	1535291243	3708	24022154	
1	dedup	1	1428	30	5.040000	1.288000	442245134	1545506819	557833520	1545498608	3993	24159112	
1	dedup	1	1428	29	5.040000	1.330000	443196700	1544352422	557746045	1544344463	3474	24264759	
1	dedup	1	1479	30	5.032000	1.368000	440446110	1543280672	554037465	1543272643	3652	24025714	
1	dedup	1	1479	30	5.032000	1.408000	449463199	1570106970	563881741	1570099298	3754	24873596	
1	dedup	1	1479	31	5.032000	1.449000	441841444	1552491816	555706427	1552483787	3615	24143533	
1	facesim	1	102	28	5.072000	0.202000	438557183	1372459694	554155905	1372450090	28211	24163174	
1	facesim	1	102	28	5.072000	0.243000	435946807	1368035920	551002312	1368026337	29035	23860930	
1	facesim	1	102	29	5.072000	0.243000	435787134	1367978250	550949297	1367969227	29015	23859530	
1	facesim	1	204	28	5.072000	0.324000	427184121	1329409732	537510279	1329401269	14135	23211128	
1	facesim	1	204	28	5.072000	0.324000	424904506	1318117707	534614581	1318109713	13957	23013661	
1	facesim	1	204	28	5.064000	0.324000	423506568	1319667912	534400137	1319659330	14348	22881050	
1	facesim	1	307	29	5.064000	0.405000	429383930	1338935433	538435055	1338927418	10269	23546456	
1	facesim	1	307	29	5.064000	0.405000	423083827	1318485007	531293505	1318476593	9873	22947148	
1	facesim	1	307	29	5.072000	0.405000	425163447	1326979998	534423527	1326972424	9874	23106055	
1	facesim	1	403	28	5.072000	0.445000	420018815	1315879670	527823543	1315872187	7045	22711121	
1	facesim	1	403	29	5.072000	0.445000	423440301	1329444800	531400245	1329437191	7617	23033547	
1	facesim	1	403	29	5.064000	0.445000	426129208	1333939643	533778825	1333931880	7695	23303847	
1	facesim	1	518	29	5.064000	0.486000	421739511	1336149059	529078494	1336141527	5728	22890447	
1	facesim	1	518	29	5.056000	0.647000	422281915	1352158550	530654187	1352150521	5966	22930405	
1	facesim	1	518	29	5.064000	0.486000	422196569	1346837899	529640057	1346830283	6358	22936516	
1	facesim	1	614	29	5.064000	0.526000	420233184	1344040491	526799444	1344033316	5170	22796440	
1	facesim	1	614	29	5.056000	0.525000	425140347	1356849926	532398838	1356842471	5175	23257204	
1	facesim	1	614	29	5.064000	0.526000	424148926	1358465594	531153148	1358458398	5017	23163906	
1	facesim	1	710	29	5.064000	0.567000	422968947	1366618870	530526506	1366611646	4645	23037015	
1	facesim	1	710	28	5.064000	0.567000	420160532	1353996592	526792550	1353989515	4750	22780797	
1	facesim	1	710	29	5.064000	0.567000	420402515	1357680407	528543228	1357673155	4521	22796975	
1	facesim	1	921	29	5.064000	0.648000	424135458	1394119030	531295923	1394112016	3726	23228570	
1	facesim	1	921	29	5.064000	0.607000	420113019	1378263058	527701441	1378256135	3526	22816892	
1	facesim	1	921	29	5.064000	0.607000	419591927	1378402914	525910913	1378395886	3760	22764702	
1	facesim	1	1036	29	5.064000	0.648000	417754715	1390348600	523365624	1390341621	3262	22568731	
1	facesim	1	1036	29	5.064000	0.688000	420812882	1399810488	527428329	1399803411	3339	22854432	
1	facesim	1	1036	29	5.064000	0.648000	419918260	1397148600	527165123	1397141453	3542	22788891	
1	facesim	1	1132	29	5.064000	0.688000	425339793	1421811584	533352924	1421804388	3404	23310666	
1	facesim	1	1132	29	5.064000	0.688000	417545965	1395867978	524051566	1395860894	3470	22547544	
1	facesim	1	1132	30	5.064000	0.688000	420194527	1404507161	526833428	1404500000	3373	22846564	
1	facesim	1	1224	30	5.064000	0.810000	423389766	1425309007	529599112	1425301972	3079	23152304	
1	facesim	1	1224	29	5.064000	0.769000	423505267	1429263125	529973663	1429256181	3235	23137413	
1	facesim	1	1224	30	5.056000	0.808000	419198491	1417455509	526381319	1417448502	3078	22724738	
1	facesim	1	1428	29	5.056000	1.011000	424204161	1457758784	529994645	1457751798	3228	23231714	
1	facesim	1	1428	30	5.056000	1.011000	419585590	1441824449	525984950	1441817589	2712	22764210	
1	facesim	1	1428	29	5.056000	1.011000	416864176	1428850890	522484228	1428843820	2906	22507996	
1	facesim	1	1479	30	5.056000	1.092000	424484732	1468146064	530468785	1468138945	2845	23250593	
1	facesim	1	1479	30	5.048000	1.090000	419112098	1446821972	525161484	1446815035	2629	22727666	
1	facesim	1	1479	30	5.048000	1.090000	420126248	1451589390	525942226	1451582453	2733	22843800	
1	ferret	1	102	29	5.072000	0.243000	435205745	1366060332	550901958	1366050749	27929	23799858	
1	ferret	1	102	29	5.072000	0.243000	441199424	1380869398	555912246	1380859927	28014	24358197	
1	ferret	1	102	29	5.072000	0.202000	432195713	1357064038	546933606	1357054420	28749	23493214	
1	ferret	1	204	29	5.072000	0.364000	426456721	1348844001	537207601	1348835713	15020	23126614	
1	ferret	1	204	29	5.072000	0.364000	427003360	1372412431	539327850	1372404199	15195	23131858	
1	ferret	1	204	29	5.072000	0.324000	429366632	1358357205	540675551	1358348630	15258	23410957	
1	ferret	1	307	29	5.064000	0.405000	424684491	1324733217	532731007	1324724978	10400	23088823	
1	ferret	1	307	29	5.064000	0.405000	424715595	1325525859	533376630	1325518005	9939	23104857	
1	ferret	1	307	29	5.064000	0.405000	429836471	1341484799	539073591	1341476973	10000	23570672	
1	ferret	1	403	29	5.072000	0.445000	424068423	1328716019	531786979	1328708592	8034	23046531	
1	ferret	1	403	29	5.072000	0.405000	421154771	1321337282	528600832	1321329708	7416	22788392	
1	ferret	1	403	29	5.064000	0.445000	420095488	1319682795	527882859	1319675067	7857	22666396	
1	ferret	1	518	29	5.072000	0.486000	422387386	1338437640	529841147	1338430073	6136	22921650	
1	ferret	1	518	29	5.064000	0.526000	423557756	1339704905	530162153	1339697331	6119	23080726	
1	ferret	1	518	29	5.064000	0.486000	422296270	1339423990	529800795	1339416465	6146	22925598	
1	ferret	1	614	29	5.064000	0.526000	420873090	1344462341	527564894	1344455138	5015	22856811	
1	ferret	1	614	29	5.072000	0.526000	422497859	1351959468	530683501	1351952181	5519	22946456	
1	ferret	1	614	29	5.064000	0.526000	422772193	1350512197	529142650	1350505071	5215	23031672	
1	ferret	1	710	29	5.064000	0.567000	418377910	1348115955	524363278	1348108822	4692	22606038	
1	ferret	1	710	29	5.064000	0.567000	420927433	1356287154	527987451	1356280035	4811	22842562	
1	ferret	1	710	29	5.064000	0.567000	423757348	1365952274	530515670	1365945302	4703	23093034	
1	ferret	1	921	30	5.064000	0.648000	419827236	1383476095	525830197	1383469067	3992	22759625	
1	ferret	1	921	29	5.064000	0.607000	423411405	1390564250	529767821	1390557369	3935	23078890	
1	ferret	1	921	30	5.064000	0.607000	422079682	1388738101	528437737	1388730975	3900	22999111	
1	ferret	1	1036	30	5.064000	0.648000	417737747	1392388235	523505502	1392381242	3635	22555859	
1	ferret	1	1036	30	5.064000	0.688000	421587802	1406524419	528426003	1406517195	3691	22930332	
1	ferret	1	1036	30	5.064000	0.688000	421272091	1400045397	527292395	1400038565	3372	22934299	
1	ferret	1	1132	30	5.064000	0.688000	422640786	1418933562	529232981	1418926576	3543	22998264	
1	ferret	1	1132	30	5.064000	0.688000	422687732	1412476686	528794101	1412469749	3457	22993837	
1	ferret	1	1132	29	5.064000	0.729000	422822510	1409804776	528914338	1409797706	3521	23053327	
1	ferret	1	1224	30	5.064000	0.769000	425222872	1434481203	531349062	1434474112	3406	23277872	
1	ferret	1	1224	30	5.064000	0.769000	420492393	1419907218	526490396	1419900246	3247	22854788	
1	ferret	1	1224	30	5.064000	0.769000	418244419	1414024816	523719516	1414017781	3107	22628021	
1	ferret	1	1428	30	5.056000	1.051000	416005150	1431507155	522532811	1431500183	2813	22409147	
1	ferret	1	1428	30	5.056000	1.011000	419758966	1441820799	525692393	1441813876	2861	22797166	
1	ferret	1	1428	30	5.056000	1.011000	421228806	1445019937	526305148	1445013098	2914	22921612	
1	ferret	1	1479	30	5.056000	1.092000	422420515	1459272470	528008514	1459265386	2856	23028770	
1	ferret	1	1479	31	5.056000	1.092000	424186323	1464577587	530146353	1464570685	2881	23188601	
1	ferret	1	1479	30	5.048000	1.092000	420271576	1454696129	526221730	1454688702	3209	22813683	
1	freqmine	1	102	29	5.072000	0.243000	459099169	1458176343	587839866	1458165661	29566	24739056	
1	freqmine	1	102	29	5.072000	0.243000	460927237	1467394045	589877510	1467383013	30978	24957178	
1	freqmine	1	102	29	5.072000	0.243000	461230013	1480528886	590596478	1480514249	33948	24980947	
1	freqmine	1	204	29	5.064000	0.364000	452734033	1428509439	576522997	1428498694	16747	24425005	
1	freqmine	1	204	29	5.064000	0.324000	453809253	1425502262	577355980	1425492763	15547	24467154	
1	freqmine	1	204	29	5.064000	0.324000	454773799	1432325211	578212158	1432314760	16131	24656141	
1	freqmine	1	307	29	5.064000	0.405000	451483224	1427276487	572597926	1427266575	12244	24411299	
1	freqmine	1	307	29	5.064000	0.405000	451960880	1430042689	574079284	1430033470	12050	24430069	
1	freqmine	1	307	29	5.064000	0.405000	450200660	1427614005	573597879	1427604492	12124	24279182	
1	freqmine	1	403	29	5.064000	0.445000	449645979	1426229190	570292560	1426220265	9153	24293390	
1	freqmine	1	403	29	5.064000	0.486000	449720884	1432044667	571695891	1432036575	8515	24279324	
1	freqmine	1	403	29	5.064000	0.486000	445923274	1421969270	566959734	1421959967	9409	23916474	
1	freqmine	1	518	29	5.056000	0.566000	450167931	1446742714	570420385	1446733915	7341	24364997	
1	freqmine	1	518	29	5.056000	0.606000	449802543	1438792492	569409248	1438783840	7121	24341249	
1	freqmine	1	518	29	5.064000	0.566000	447868975	1441454715	569336043	1441446441	7919	24163100	
1	freqmine	1	614	29	5.056000	0.606000	446673627	1447086248	567094471	1447077197	6552	24047791	
1	freqmine	1	614	29	5.056000	0.647000	447626531	1450230025	567678898	1450221786	7085	24176384	
1	freqmine	1	614	29	5.056000	0.606000	446361638	1450971563	567279468	1450963170	6673	24015088	
1	freqmine	1	710	30	5.056000	0.687000	447447455	1461761581	568304120	1461753216	5635	24139588	
1	freqmine	1	710	30	5.056000	0.687000	442793031	1449775320	562835198	1449767088	5558	23714065	
1	freqmine	1	710	30	5.056000	0.728000	446518371	1460615115	566987345	1460606596	6360	24044412	
1	freqmine	1	921	30	5.048000	0.848000	450789417	1504953080	571155614	1504945352	4945	24513816	
1	freqmine	1	921	30	5.048000	0.807000	444067295	1481622614	562382988	1481614704	4926	23830720	
1	freqmine	1	921	30	5.048000	0.807000	444615117	1487690158	565501346	1487682066	4906	23898478	
1	freqmine	1	1036	30	5.056000	0.808000	447179257	1513410221	568332539	1513401828	4651	24117929	
1	freqmine	1	1036	30	5.048000	0.848000	446630590	1506729365	565662612	1506721077	4623	24111766	
1	freqmine	1	1036	30	5.048000	0.888000	442859794	1499191962	562353959	1499183982	4411	23709864	
1	freqmine	1	1132	30	5.048000	0.888000	445393395	1508788060	564413399	1508780136	4217	23961125	
1	freqmine	1	1132	30	5.048000	0.928000	449315017	1524798238	569291113	1524789859	5000	24351357	
1	freqmine	1	1132	30	5.048000	0.848000	444463334	1506639896	563421923	1506631335	4221	23844573	
1	freqmine	1	1224	30	5.048000	1.090000	447530540	1533447494	567426583	1533439871	3820	24179623	
1	freqmine	1	1224	30	5.048000	1.090000	443745966	1520289416	562681235	1520281597	3929	23803836	
1	freqmine	1	1224	30	5.040000	1.048000	445384409	1521796793	564089490	1521788729	3928	24008624	
1	freqmine	1	1428	30	5.032000	1.368000	447925595	1562878313	567224533	1562870522	3789	24209794	
1	freqmine	1	1428	31	5.032000	1.368000	447086924	1558299048	565707255	1558291376	3846	24164510	
1	freqmine	1	1428	31	5.040000	1.209000	441457413	1536901151	559597709	1536893745	3841	23627231	
1	freqmine	1	1479	31	5.032000	1.368000	444190622	1559849174	563561142	1559841628	3516	23802316	
1	freqmine	1	1479	30	5.032000	1.408000	444529192	1558854284	563058269	1558846493	3843	23925829	
1	freqmine	1	1479	31	5.032000	1.368000	444071937	1558845403	563401515	1558837843	3574	23785703	
1	fluidanimate	1	102	30	5.072000	0.243000	472719026	1483248083	601587177	1483237898	29282	25600680	
1	fluidanimate	1	102	30	5.072000	0.243000	473359805	1491271200	602030938	1491260007	31944	25660471	
1	fluidanimate	1	102	29	5.072000	0.243000	473189348	1489463780	603395048	1489452048	31196	25580095	
1	fluidanimate	1	204	30	5.064000	0.364000	462439925	1446181544	587210176	1446171366	16042	24780004	
1	fluidanimate	1	204	30	5.064000	0.364000	467895518	1455888949	592538380	1455879737	15725	25394761	
1	fluidanimate	1	204	30	5.064000	0.364000	469244643	1466327536	593768992	1466316133	17850	25498779	
1	fluidanimate	1	307	30	5.064000	0.405000	461777794	1445392157	585207865	1445381321	12604	24819247	
1	fluidanimate	1	307	29	5.064000	0.445000	462027225	1447350169	585128256	1447340530	11451	24894953	
1	fluidanimate	1	307	30	5.064000	0.405000	464373997	1452926777	587179409	1452916165	12726	25116110	
1	fluidanimate	1	403	30	5.064000	0.486000	461325220	1446631117	582284522	1446621975	8816	24883107	
1	fluidanimate	1	403	30	5.064000	0.486000	463202219	1459201667	584378832	1459191517	10381	25023066	
1	fluidanimate	1	403	30	5.064000	0.486000	460496096	1451029278	582521369	1451019016	10535	24834567	
1	fluidanimate	1	518	30	5.056000	0.606000	459193915	1459998234	580087357	1459989477	7494	24723070	
1	fluidanimate	1	518	30	5.056000	0.566000	461403496	1462487218	581211808	1462478727	7056	24917026	
1	fluidanimate	1	518	30	5.056000	0.606000	459067530	1458585910	579569293	1458576845	7469	24706886	
1	fluidanimate	1	614	30	5.056000	0.687000	459238660	1471935619	579947639	1471927282	6203	24684743	
1	fluidanimate	1	614	30	5.056000	0.606000	459100965	1474819831	580261294	1474810773	6881	24669669	
1	fluidanimate	1	614	30	5.056000	0.606000	459103552	1473292194	580808999	1473283339	6215	24686759	
1	fluidanimate	1	710	30	5.056000	0.726000	457627139	1480476257	579277073	1480467521	6189	24540030	
1	fluidanimate	1	710	30	5.056000	0.687000	459272143	1490998054	581500678	1490988849	6496	24776537	
1	fluidanimate	1	710	30	5.048000	0.728000	460647279	1491067917	581152487	1491059139	5840	24849078	
1	fluidanimate	1	921	30	5.056000	0.808000	454802896	1503506209	575139713	1503497634	5120	24330638	
1	fluidanimate	1	921	31	5.056000	0.808000	457730083	1513278397	579081801	1513270277	4852	24580435	
1	fluidanimate	1	921	31	5.056000	0.768000	459103836	1514271319	579308756	1514262947	5034	24782638	
1	fluidanimate	1	1036	30	5.048000	0.928000	457935713	1531243506	577311018	1531235540	4060	24600694	
1	fluidanimate	1	1036	30	5.048000	0.848000	456944312	1522310453	575951582	1522302144	4323	24557728	
1	fluidanimate	1	1036	30	5.048000	0.888000	462320561	1544579236	582603398	1544571242	4285	25075633	
1	fluidanimate	1	1132	30	5.048000	0.888000	457148110	1530953452	576219499	1530945668	4014	24575047	
1	fluidanimate	1	1132	30	5.048000	0.888000	460828525	1546621093	580688401	1546612819	4228	24941779	
1	fluidanimate	1	1132	31	5.048000	0.928000	457327510	1533535088	577698307	1533526464	4676	24570033	
1	fluidanimate	1	1224	31	5.048000	1.009000	456201470	1543618340	574898806	1543610129	3979	24475818	
1	fluidanimate	1	1224	31	5.048000	1.009000	458673276	1552811201	578234717	1552803515	3444	24696683	
1	fluidanimate	1	1224	31	5.048000	1.009000	457161746	1548943830	576079572	1548935087	4578	24599559	
1	fluidanimate	1	1428	32	5.032000	1.328000	454520535	1571034081	573920914	1571026045	4306	24350650	
1	fluidanimate	1	1428	31	5.032000	1.368000	456599340	1577700484	575101809	1577692903	3462	24537577	
1	fluidanimate	1	1428	31	5.032000	1.328000	457023824	1575504717	576008917	1575497129	4140	24576726	
1	fluidanimate	1	1479	32	5.032000	1.408000	457225237	1584304234	576262130	1584296443	3678	24615911	
1	fluidanimate	1	1479	32	5.032000	1.368000	456239588	1580212198	574906049	1580204414	3535	24526380	
1	fluidanimate	1	1479	31	5.032000	1.449000	456695968	1582428669	576466253	1582420696	3140	24571864	
1	streamcluster	1	102	30	5.072000	0.243000	451433014	1430981151	573661122	1430970903	28467	24758925	
1	streamcluster	1	102	30	5.072000	0.243000	451258649	1432436413	573349106	1432426025	30083	24712325	
1	streamcluster	1	102	30	5.072000	0.243000	451052639	1433012881	573392084	1433001695	30289	24732888	
1	streamcluster	1	204	30	5.064000	0.364000	443420759	1397540529	562059194	1397530757	16146	24236351	
1	streamcluster	1	204	30	5.064000	0.364000	441757747	1388185674	559952411	1388175818	15495	24100278	
1	streamcluster	1	204	30	5.064000	0.364000	443345666	1395576040	561710234	1395566751	15517	24214929	
1	streamcluster	1	307	30	5.064000	0.445000	445379826	1405991519	562241798	1405982909	10396	24522952	
1	streamcluster	1	307	30	5.064000	0.445000	440571945	1393293208	556789236	1393284297	10768	24029549	
1	streamcluster	1	307	30	5.064000	0.445000	436597306	1379969432	553193451	1379960185	11108	23681516	
1	streamcluster	1	403	30	5.064000	0.486000	436393140	1382369545	550873104	1382360928	8552	23731587	
1	streamcluster	1	403	30	5.056000	0.525000	438034812	1391978105	552766827	1391969068	9005	23886420	
1	streamcluster	1	403	30	5.064000	0.526000	436357644	1384464146	550796490	1384455641	8419	23740255	
1	streamcluster	1	518	30	5.056000	0.606000	440691814	1413470025	555360090	1413461002	7445	24147239	
1	streamcluster	1	518	30	5.056000	0.606000	440741754	1409931321	555615750	1409923110	6629	24136849	
1	streamcluster	1	518	30	5.056000	0.566000	438731748	1406289861	553695846	1406280579	7495	23977542	
1	streamcluster	1	614	30	5.056000	0.606000	443349594	1436726878	559507337	1436718324	6615	24440124	
1	streamcluster	1	614	30	5.056000	0.647000	436915901	1417356550	552125833	1417348045	6528	23806694	
1	streamcluster	1	614	30	5.056000	0.606000	437250010	1415390022	552066359	1415382133	5417	23862197	
1	streamcluster	1	710	31	5.056000	0.687000	437813769	1428634104	552054033	1428625851	5823	23915311	
1	streamcluster	1	710	30	5.056000	0.687000	440014506	1435789373	553801073	1435781267	5404	24159454	
1	streamcluster	1	710	30	5.056000	0.728000	438217402	1430251914	552830101	1430244067	5279	23947733	
1	streamcluster	1	921	31	5.056000	0.808000	436785326	1453317493	549375020	1453309625	4312	23876662	
1	streamcluster	1	921	30	5.056000	0.808000	436772560	1457297660	550135511	1457289974	4266	23853698	
1	streamcluster	1	921	31	5.056000	0.807000	436042958	1450384849	549423058	1450377156	4242	23801589	
1	streamcluster	1	1036	31	5.048000	0.888000	435885966	1469627950	549586968	1469620677	3713	23722548	
1	streamcluster	1	1036	30	5.048000	0.928000	439114986	1474412937	552578572	1474405188	4026	24096604	
1	streamcluster	1	1036	31	5.048000	0.848000	432579907	1455960986	545724170	1455953265	3971	23437923	
1	streamcluster	1	1132	31	5.040000	1.169000	438428027	1503973803	552375934	1503965823	4476	23989124	
1	streamcluster	1	1132	31	5.048000	0.928000	433350097	1490575227	547034198	1490567457	3894	23494005	
1	streamcluster	1	1132	31	5.048000	0.928000	441772424	1492851318	554973060	1492843436	3982	24329024	
1	streamcluster	1	1224	31	5.048000	1.049000	436495555	1489836351	549434926	1489828630	3906	23828106	
1	streamcluster	1	1224	31	5.048000	0.969000	433283011	1483379240	545480168	1483371869	3446	23532560	
1	streamcluster	1	1224	31	5.048000	1.049000	436521755	1490106633	549806115	1490099031	3489	23835676	
1	streamcluster	1	1428	31	5.040000	1.249000	437996414	1525112981	550849630	1525105407	3339	23961989	
1	streamcluster	1	1428	32	5.040000	1.249000	437525447	1522901473	550439280	1522893885	3301	23950920	
1	streamcluster	1	1428	31	5.040000	1.209000	437425716	1521359104	549460539	1521351509	3278	23928278	
1	streamcluster	1	1479	31	5.040000	1.330000	433559030	1526835024	545903575	1526827394	3138	23552042	
1	streamcluster	1	1479	32	5.040000	1.330000	435126628	1527997185	548979045	1527989422	3290	23694554	
1	streamcluster	1	1479	32	5.040000	1.330000	436900804	1528014600	550076602	1528007166	3012	23893992	
