Run Duration (ms)	Benchmark	Run(#)	CPU Frequency (MHz)	CPU Temperature(C)	Voltage[V]	Power[W]	CPU_CYCLES	0EXC_HVC	0EXC_TRAP_PABORT	0EXC_TRAP_DABORT	0EXC_TRAP_OTHER	0EXC_TRAP_IRQ
14.375000	blackscholes	1	102	29.000000	5.080000	0.243000	1476825743	0	0	0	0	0	
16.750000	blackscholes	1	102	29.000000	5.072000	0.243000	1440898897	0	0	0	0	0	
13.625000	blackscholes	1	102	29.000000	5.072000	0.243000	1442175453	0	0	0	0	0	
10.625000	blackscholes	1	204	29.000000	5.064000	0.364000	1399276469	0	0	0	0	0	
6.875000	blackscholes	1	204	29.000000	5.064000	0.364000	1426917894	0	0	0	0	0	
8.000000	blackscholes	1	204	29.000000	5.064000	0.324000	1412531072	0	0	0	0	0	
5.000000	blackscholes	1	307	29.000000	5.064000	0.444000	1410680118	0	0	0	0	0	
5.250000	blackscholes	1	307	29.000000	5.056000	0.444000	1407052625	0	0	0	0	0	
5.500000	blackscholes	1	307	29.000000	5.056000	0.444000	1411222658	0	0	0	0	0	
4.625000	blackscholes	1	403	29.000000	5.056000	0.485000	1396015228	0	0	0	0	0	
4.500000	blackscholes	1	403	29.000000	5.056000	0.485000	1415137869	0	0	0	0	0	
4.500000	blackscholes	1	403	29.000000	5.056000	0.485000	1401659390	0	0	0	0	0	
3.875000	blackscholes	1	518	29.000000	5.056000	0.566000	1409682595	0	0	0	0	0	
3.875000	blackscholes	1	518	29.000000	5.056000	0.566000	1407615485	0	0	0	0	0	
4.250000	blackscholes	1	518	29.000000	5.056000	0.606000	1417069176	0	0	0	0	0	
3.625000	blackscholes	1	614	30.000000	5.048000	0.646000	1425834444	0	0	0	0	0	
3.250000	blackscholes	1	614	29.000000	5.048000	0.605000	1420614877	0	0	0	0	0	
3.625000	blackscholes	1	614	29.000000	5.056000	0.606000	1439378730	0	0	0	0	0	
3.500000	blackscholes	1	710	30.000000	5.048000	0.728000	1431993704	0	0	0	0	0	
3.625000	blackscholes	1	710	30.000000	5.040000	0.967000	1442469934	0	0	0	0	0	
6.000000	blackscholes	1	710	29.000000	5.048000	0.767000	1512396630	0	0	0	0	0	
2.750000	blackscholes	1	921	30.000000	5.040000	0.887000	1470222860	0	0	0	0	0	
3.625000	blackscholes	1	921	30.000000	5.048000	0.888000	1460332359	0	0	0	0	0	
2.750000	blackscholes	1	921	30.000000	5.048000	0.807000	1448904651	0	0	0	0	0	
3.000000	blackscholes	1	1036	30.000000	5.048000	0.928000	1495425582	0	0	0	0	0	
3.250000	blackscholes	1	1036	30.000000	5.048000	0.969000	1480649272	0	0	0	0	0	
2.750000	blackscholes	1	1036	30.000000	5.048000	0.928000	1485540243	0	0	0	0	0	
2.750000	blackscholes	1	1132	30.000000	5.048000	0.969000	1485630269	0	0	0	0	0	
3.000000	blackscholes	1	1132	30.000000	5.048000	1.009000	1486820909	0	0	0	0	0	
3.125000	blackscholes	1	1132	30.000000	5.048000	0.928000	1497004583	0	0	0	0	0	
2.750000	blackscholes	1	1224	30.000000	5.040000	1.008000	1507478542	0	0	0	0	0	
2.750000	blackscholes	1	1224	30.000000	5.040000	1.088000	1498553069	0	0	0	0	0	
2.750000	blackscholes	1	1224	30.000000	5.040000	1.128000	1496306914	0	0	0	0	0	
2.625000	blackscholes	1	1428	30.000000	5.040000	1.370000	1527143905	0	0	0	0	0	
2.625000	blackscholes	1	1428	30.000000	5.040000	1.370000	1531557458	0	0	0	0	0	
2.750000	blackscholes	1	1428	31.000000	5.032000	1.368000	1529965002	0	0	0	0	0	
2.500000	blackscholes	1	1479	31.000000	5.040000	1.411000	1538907375	0	0	0	0	0	
2.625000	blackscholes	1	1479	31.000000	5.032000	1.449000	1533488796	0	0	0	0	0	
2.500000	blackscholes	1	1479	31.000000	5.032000	1.449000	1535409700	0	0	0	0	0	
24.125000	bodytrack	1	102	29.000000	5.072000	0.243000	1673730465	0	0	0	0	0	
15.750000	bodytrack	1	102	29.000000	5.072000	0.243000	1681138084	0	0	0	0	0	
12.500000	bodytrack	1	102	29.000000	5.072000	0.202000	1686366372	0	0	0	0	0	
7.625000	bodytrack	1	204	29.000000	5.072000	0.284000	1641258372	0	0	0	0	0	
6.375000	bodytrack	1	204	29.000000	5.072000	0.324000	1634829165	0	0	0	0	0	
6.750000	bodytrack	1	204	29.000000	5.072000	0.284000	1632406015	0	0	0	0	0	
6.000000	bodytrack	1	307	29.000000	5.072000	0.364000	1642408519	0	0	0	0	0	
5.375000	bodytrack	1	307	29.000000	5.064000	0.324000	1633537202	0	0	0	0	0	
5.375000	bodytrack	1	307	30.000000	5.064000	0.324000	1639811750	0	0	0	0	0	
4.625000	bodytrack	1	403	29.000000	5.072000	0.405000	1643297115	0	0	0	0	0	
4.750000	bodytrack	1	403	29.000000	5.072000	0.405000	1653764860	0	0	0	0	0	
4.875000	bodytrack	1	403	30.000000	5.064000	0.405000	1627056756	0	0	0	0	0	
3.750000	bodytrack	1	518	30.000000	5.064000	0.486000	1645775092	0	0	0	0	0	
4.000000	bodytrack	1	518	29.000000	5.064000	0.445000	1664738942	0	0	0	0	0	
4.000000	bodytrack	1	518	30.000000	5.064000	0.445000	1647842956	0	0	0	0	0	
3.875000	bodytrack	1	614	29.000000	5.064000	0.486000	1658432845	0	0	0	0	0	
3.625000	bodytrack	1	614	29.000000	5.064000	0.486000	1656305635	0	0	0	0	0	
3.625000	bodytrack	1	614	30.000000	5.064000	0.486000	1658647105	0	0	0	0	0	
3.250000	bodytrack	1	710	30.000000	5.064000	0.567000	1686032146	0	0	0	0	0	
3.375000	bodytrack	1	710	29.000000	5.064000	0.567000	1667297654	0	0	0	0	0	
3.125000	bodytrack	1	710	30.000000	5.064000	0.567000	1672656004	0	0	0	0	0	
3.000000	bodytrack	1	921	30.000000	5.056000	0.687000	1700839922	0	0	0	0	0	
2.875000	bodytrack	1	921	30.000000	5.056000	0.687000	1709170874	0	0	0	0	0	
2.875000	bodytrack	1	921	30.000000	5.056000	0.687000	1690152509	0	0	0	0	0	
3.000000	bodytrack	1	1036	30.000000	5.056000	0.807000	1714999897	0	0	0	0	0	
2.875000	bodytrack	1	1036	30.000000	5.056000	0.807000	1716030320	0	0	0	0	0	
3.000000	bodytrack	1	1036	30.000000	5.056000	0.808000	1724549317	0	0	0	0	0	
3.250000	bodytrack	1	1132	30.000000	5.056000	0.849000	1733475364	0	0	0	0	0	
2.875000	bodytrack	1	1132	31.000000	5.048000	0.848000	1745134909	0	0	0	0	0	
2.875000	bodytrack	1	1132	30.000000	5.056000	0.848000	1735320867	0	0	0	0	0	
2.875000	bodytrack	1	1224	30.000000	5.048000	0.969000	1736115413	0	0	0	0	0	
3.000000	bodytrack	1	1224	31.000000	5.048000	0.928000	1747892153	0	0	0	0	0	
2.875000	bodytrack	1	1224	30.000000	5.048000	0.928000	1740162416	0	0	0	0	0	
2.500000	bodytrack	1	1428	31.000000	5.040000	1.169000	1771014179	0	0	0	0	0	
2.625000	bodytrack	1	1428	31.000000	5.040000	1.209000	1778737689	0	0	0	0	0	
2.625000	bodytrack	1	1428	31.000000	5.040000	1.209000	1772655768	0	0	0	0	0	
2.500000	bodytrack	1	1479	32.000000	5.040000	1.290000	1782087668	0	0	0	0	0	
2.500000	bodytrack	1	1479	31.000000	5.040000	1.290000	1783545434	0	0	0	0	0	
2.625000	bodytrack	1	1479	32.000000	5.040000	1.249000	1779321866	0	0	0	0	0	
22.500000	dedup	1	102	30.000000	5.072000	0.243000	1452810880	0	0	0	0	0	
22.625000	dedup	1	102	30.000000	5.072000	0.243000	1454424590	0	0	0	0	0	
12.750000	dedup	1	102	29.000000	5.072000	0.243000	1445285314	0	0	0	0	0	
7.500000	dedup	1	204	29.000000	5.064000	0.364000	1433835379	0	0	0	0	0	
7.250000	dedup	1	204	30.000000	5.064000	0.324000	1420268523	0	0	0	0	0	
8.250000	dedup	1	204	30.000000	5.072000	0.324000	1417642356	0	0	0	0	0	
6.250000	dedup	1	307	30.000000	5.056000	0.444000	1425221616	0	0	0	0	0	
5.625000	dedup	1	307	30.000000	5.064000	0.445000	1427856335	0	0	0	0	0	
5.750000	dedup	1	307	30.000000	5.064000	0.445000	1409669616	0	0	0	0	0	
4.250000	dedup	1	403	30.000000	5.056000	0.485000	1410424352	0	0	0	0	0	
4.875000	dedup	1	403	30.000000	5.056000	0.485000	1437598167	0	0	0	0	0	
5.000000	dedup	1	403	30.000000	5.056000	0.485000	1414505057	0	0	0	0	0	
3.875000	dedup	1	518	30.000000	5.056000	0.566000	1424806209	0	0	0	0	0	
3.750000	dedup	1	518	30.000000	5.056000	0.566000	1422373532	0	0	0	0	0	
3.625000	dedup	1	518	30.000000	5.056000	0.566000	1433033131	0	0	0	0	0	
3.500000	dedup	1	614	30.000000	5.056000	0.647000	1440478257	0	0	0	0	0	
4.500000	dedup	1	614	30.000000	5.056000	0.647000	1435087966	0	0	0	0	0	
3.750000	dedup	1	614	30.000000	5.048000	0.646000	1431425269	0	0	0	0	0	
3.250000	dedup	1	710	30.000000	5.048000	0.686000	1449566352	0	0	0	0	0	
3.375000	dedup	1	710	30.000000	5.048000	0.726000	1444264894	0	0	0	0	0	
4.125000	dedup	1	710	30.000000	5.048000	0.726000	1439724146	0	0	0	0	0	
3.000000	dedup	1	921	31.000000	5.048000	0.848000	1475848766	0	0	0	0	0	
2.875000	dedup	1	921	30.000000	5.048000	0.807000	1476060499	0	0	0	0	0	
3.125000	dedup	1	921	30.000000	5.048000	0.807000	1488348146	0	0	0	0	0	
2.875000	dedup	1	1036	31.000000	5.040000	0.967000	1495962035	0	0	0	0	0	
2.875000	dedup	1	1036	31.000000	5.040000	0.846000	1492967061	0	0	0	0	0	
3.125000	dedup	1	1036	31.000000	5.032000	0.885000	1488836566	0	0	0	0	0	
3.500000	dedup	1	1132	30.000000	5.032000	0.966000	1495624046	0	0	0	0	0	
3.000000	dedup	1	1132	31.000000	5.032000	0.925000	1497070479	0	0	0	0	0	
3.000000	dedup	1	1132	31.000000	5.032000	0.966000	1498057109	0	0	0	0	0	
3.625000	dedup	1	1224	31.000000	5.032000	1.127000	1509124802	0	0	0	0	0	
2.750000	dedup	1	1224	31.000000	5.032000	1.086000	1520811084	0	0	0	0	0	
3.625000	dedup	1	1224	31.000000	5.032000	1.046000	1528371013	0	0	0	0	0	
4.125000	dedup	1	1428	31.000000	5.024000	1.368000	1540920455	0	0	0	0	0	
2.625000	dedup	1	1428	31.000000	5.024000	1.286000	1542150035	0	0	0	0	0	
3.375000	dedup	1	1428	32.000000	5.032000	1.368000	1530153865	0	0	0	0	0	
3.125000	dedup	1	1479	32.000000	5.032000	1.449000	1561413334	0	0	0	0	0	
2.750000	dedup	1	1479	31.000000	5.032000	1.449000	1546066005	0	0	0	0	0	
2.625000	dedup	1	1479	31.000000	5.032000	1.449000	1549893405	0	0	0	0	0	
15.000000	ferret	1	102	30.000000	5.072000	0.202000	1456551620	0	0	0	0	0	
15.875000	ferret	1	102	30.000000	5.072000	0.202000	1468312233	0	0	0	0	0	
15.875000	ferret	1	102	30.000000	5.072000	0.243000	1460629352	0	0	0	0	0	
7.000000	ferret	1	204	30.000000	5.072000	0.324000	1424858713	0	0	0	0	0	
6.750000	ferret	1	204	30.000000	5.072000	0.324000	1440061455	0	0	0	0	0	
8.000000	ferret	1	204	30.000000	5.072000	0.324000	1447578761	0	0	0	0	0	
5.000000	ferret	1	307	30.000000	5.072000	0.324000	1431936521	0	0	0	0	0	
5.375000	ferret	1	307	30.000000	5.072000	0.365000	1419378667	0	0	0	0	0	
5.000000	ferret	1	307	30.000000	5.072000	0.365000	1426595000	0	0	0	0	0	
4.750000	ferret	1	403	30.000000	5.072000	0.405000	1435040347	0	0	0	0	0	
4.875000	ferret	1	403	30.000000	5.072000	0.365000	1440612464	0	0	0	0	0	
4.625000	ferret	1	403	30.000000	5.072000	0.405000	1451410868	0	0	0	0	0	
3.875000	ferret	1	518	30.000000	5.072000	0.405000	1441100573	0	0	0	0	0	
3.750000	ferret	1	518	30.000000	5.072000	0.446000	1448572136	0	0	0	0	0	
3.750000	ferret	1	518	30.000000	5.072000	0.446000	1442640376	0	0	0	0	0	
3.625000	ferret	1	614	30.000000	5.072000	0.446000	1457826478	0	0	0	0	0	
3.875000	ferret	1	614	30.000000	5.072000	0.486000	1454726784	0	0	0	0	0	
3.625000	ferret	1	614	30.000000	5.072000	0.446000	1452900834	0	0	0	0	0	
3.500000	ferret	1	710	30.000000	5.072000	0.486000	1457740685	0	0	0	0	0	
3.250000	ferret	1	710	30.000000	5.072000	0.486000	1468436284	0	0	0	0	0	
3.125000	ferret	1	710	30.000000	5.072000	0.486000	1470700922	0	0	0	0	0	
2.875000	ferret	1	921	30.000000	5.072000	0.568000	1485755764	0	0	0	0	0	
3.375000	ferret	1	921	30.000000	5.072000	0.568000	1497123359	0	0	0	0	0	
3.000000	ferret	1	921	30.000000	5.072000	0.568000	1498283373	0	0	0	0	0	
2.875000	ferret	1	1036	30.000000	5.064000	0.648000	1507567456	0	0	0	0	0	
2.750000	ferret	1	1036	30.000000	5.064000	0.607000	1515247623	0	0	0	0	0	
2.750000	ferret	1	1036	30.000000	5.064000	0.607000	1512921705	0	0	0	0	0	
2.875000	ferret	1	1132	30.000000	5.064000	0.648000	1517475280	0	0	0	0	0	
2.875000	ferret	1	1132	31.000000	5.064000	0.648000	1527433428	0	0	0	0	0	
2.875000	ferret	1	1132	30.000000	5.064000	0.648000	1532734711	0	0	0	0	0	
3.000000	ferret	1	1224	30.000000	5.064000	0.729000	1527381967	0	0	0	0	0	
3.000000	ferret	1	1224	30.000000	5.064000	0.688000	1523779223	0	0	0	0	0	
2.875000	ferret	1	1224	30.000000	5.064000	0.729000	1528187514	0	0	0	0	0	
2.750000	ferret	1	1428	31.000000	5.056000	0.930000	1579031070	0	0	0	0	0	
2.750000	ferret	1	1428	31.000000	5.056000	0.889000	1565143503	0	0	0	0	0	
2.875000	ferret	1	1428	31.000000	5.056000	0.930000	1576956632	0	0	0	0	0	
2.625000	ferret	1	1479	31.000000	5.056000	0.970000	1586827368	0	0	0	0	0	
3.000000	ferret	1	1479	31.000000	5.056000	0.970000	1566379315	0	0	0	0	0	
2.625000	ferret	1	1479	30.000000	5.056000	0.970000	1576458891	0	0	0	0	0	
17.000000	fluidanimate	1	102	30.000000	5.072000	0.243000	1477038675	0	0	0	0	0	
15.500000	fluidanimate	1	102	30.000000	5.072000	0.243000	1488015925	0	0	0	0	0	
14.250000	fluidanimate	1	102	30.000000	5.072000	0.243000	1488981091	0	0	0	0	0	
8.750000	fluidanimate	1	204	30.000000	5.064000	0.364000	1454464611	0	0	0	0	0	
7.875000	fluidanimate	1	204	30.000000	5.064000	0.364000	1462000978	0	0	0	0	0	
9.250000	fluidanimate	1	204	30.000000	5.064000	0.364000	1460995539	0	0	0	0	0	
5.125000	fluidanimate	1	307	30.000000	5.064000	0.405000	1451713772	0	0	0	0	0	
6.625000	fluidanimate	1	307	30.000000	5.056000	0.444000	1450403253	0	0	0	0	0	
5.625000	fluidanimate	1	307	30.000000	5.064000	0.405000	1436905539	0	0	0	0	0	
5.000000	fluidanimate	1	403	30.000000	5.056000	0.485000	1442416732	0	0	0	0	0	
4.625000	fluidanimate	1	403	30.000000	5.056000	0.485000	1454590405	0	0	0	0	0	
4.375000	fluidanimate	1	403	30.000000	5.056000	0.485000	1454512458	0	0	0	0	0	
3.875000	fluidanimate	1	518	30.000000	5.056000	0.566000	1458758337	0	0	0	0	0	
3.750000	fluidanimate	1	518	30.000000	5.056000	0.566000	1473757331	0	0	0	0	0	
3.750000	fluidanimate	1	518	30.000000	5.056000	0.566000	1456301200	0	0	0	0	0	
3.625000	fluidanimate	1	614	30.000000	5.056000	0.606000	1467121951	0	0	0	0	0	
3.625000	fluidanimate	1	614	30.000000	5.056000	0.606000	1461068162	0	0	0	0	0	
3.625000	fluidanimate	1	614	30.000000	5.056000	0.606000	1464169403	0	0	0	0	0	
3.375000	fluidanimate	1	710	30.000000	5.056000	0.647000	1474908755	0	0	0	0	0	
3.375000	fluidanimate	1	710	31.000000	5.056000	0.687000	1486994768	0	0	0	0	0	
3.250000	fluidanimate	1	710	31.000000	5.048000	0.848000	1482255092	0	0	0	0	0	
3.000000	fluidanimate	1	921	31.000000	5.048000	0.767000	1524530877	0	0	0	0	0	
2.875000	fluidanimate	1	921	31.000000	5.048000	0.807000	1506200453	0	0	0	0	0	
3.250000	fluidanimate	1	921	31.000000	5.048000	0.807000	1504972720	0	0	0	0	0	
2.625000	fluidanimate	1	1036	31.000000	5.040000	0.887000	1521210969	0	0	0	0	0	
2.750000	fluidanimate	1	1036	30.000000	5.040000	0.927000	1535232765	0	0	0	0	0	
2.875000	fluidanimate	1	1036	31.000000	5.040000	0.887000	1530924893	0	0	0	0	0	
3.000000	fluidanimate	1	1132	32.000000	5.040000	1.008000	1535399986	0	0	0	0	0	
2.875000	fluidanimate	1	1132	31.000000	5.040000	0.967000	1549293577	0	0	0	0	0	
2.875000	fluidanimate	1	1132	31.000000	5.048000	0.928000	1531948284	0	0	0	0	0	
2.875000	fluidanimate	1	1224	31.000000	5.040000	1.088000	1554202736	0	0	0	0	0	
2.875000	fluidanimate	1	1224	31.000000	5.040000	1.048000	1547629923	0	0	0	0	0	
3.625000	fluidanimate	1	1224	31.000000	5.040000	1.088000	1554246306	0	0	0	0	0	
2.625000	fluidanimate	1	1428	31.000000	5.024000	1.368000	1583405637	0	0	0	0	0	
2.875000	fluidanimate	1	1428	32.000000	5.024000	1.487000	1568919560	0	0	0	0	0	
2.625000	fluidanimate	1	1428	32.000000	5.024000	1.449000	1577131100	0	0	0	0	0	
2.625000	fluidanimate	1	1479	32.000000	5.024000	1.567000	1580236807	0	0	0	0	0	
2.875000	fluidanimate	1	1479	32.000000	5.024000	1.406000	1591821104	0	0	0	0	0	
2.625000	fluidanimate	1	1479	32.000000	5.024000	1.607000	1583171332	0	0	0	0	0	
18.625000	freqmine	1	102	30.000000	5.072000	0.243000	1473285328	0	0	0	0	0	
18.000000	freqmine	1	102	30.000000	5.072000	0.243000	1467183357	0	0	0	0	0	
21.875000	freqmine	1	102	30.000000	5.072000	0.243000	1464639385	0	0	0	0	0	
8.000000	freqmine	1	204	30.000000	5.064000	0.324000	1432997390	0	0	0	0	0	
7.750000	freqmine	1	204	30.000000	5.064000	0.324000	1441862233	0	0	0	0	0	
7.875000	freqmine	1	204	30.000000	5.064000	0.324000	1431637171	0	0	0	0	0	
6.125000	freqmine	1	307	30.000000	5.064000	0.405000	1442732727	0	0	0	0	0	
5.500000	freqmine	1	307	30.000000	5.064000	0.405000	1431237113	0	0	0	0	0	
6.125000	freqmine	1	307	31.000000	5.064000	0.405000	1426672264	0	0	0	0	0	
4.875000	freqmine	1	403	30.000000	5.064000	0.486000	1426556664	0	0	0	0	0	
4.250000	freqmine	1	403	30.000000	5.064000	0.444000	1445170972	0	0	0	0	0	
4.375000	freqmine	1	403	30.000000	5.064000	0.485000	1426261501	0	0	0	0	0	
4.250000	freqmine	1	518	30.000000	5.056000	0.525000	1440963767	0	0	0	0	0	
3.750000	freqmine	1	518	30.000000	5.056000	0.525000	1438775593	0	0	0	0	0	
3.750000	freqmine	1	518	30.000000	5.056000	0.525000	1441918773	0	0	0	0	0	
3.625000	freqmine	1	614	31.000000	5.056000	0.606000	1464714927	0	0	0	0	0	
4.125000	freqmine	1	614	31.000000	5.056000	0.606000	1455371936	0	0	0	0	0	
3.625000	freqmine	1	614	30.000000	5.056000	0.606000	1454461334	0	0	0	0	0	
3.375000	freqmine	1	710	31.000000	5.056000	0.686000	1453089571	0	0	0	0	0	
3.625000	freqmine	1	710	31.000000	5.048000	0.686000	1454948107	0	0	0	0	0	
3.500000	freqmine	1	710	31.000000	5.056000	0.647000	1463385516	0	0	0	0	0	
3.125000	freqmine	1	921	31.000000	5.048000	0.807000	1502945409	0	0	0	0	0	
3.375000	freqmine	1	921	31.000000	5.048000	0.807000	1479948142	0	0	0	0	0	
3.250000	freqmine	1	921	31.000000	5.048000	0.806000	1491358498	0	0	0	0	0	
2.750000	freqmine	1	1036	31.000000	5.048000	0.888000	1497561775	0	0	0	0	0	
2.875000	freqmine	1	1036	31.000000	5.048000	0.888000	1502567325	0	0	0	0	0	
3.250000	freqmine	1	1036	31.000000	5.048000	0.848000	1497805633	0	0	0	0	0	
3.000000	freqmine	1	1132	31.000000	5.040000	0.887000	1516382810	0	0	0	0	0	
2.750000	freqmine	1	1132	31.000000	5.040000	0.928000	1513854918	0	0	0	0	0	
2.875000	freqmine	1	1132	31.000000	5.040000	1.008000	1511703665	0	0	0	0	0	
2.875000	freqmine	1	1224	32.000000	5.040000	1.048000	1523054883	0	0	0	0	0	
2.875000	freqmine	1	1224	31.000000	5.040000	1.088000	1534087462	0	0	0	0	0	
2.875000	freqmine	1	1224	31.000000	5.040000	1.048000	1530879087	0	0	0	0	0	
2.750000	freqmine	1	1428	32.000000	5.032000	1.408000	1549470450	0	0	0	0	0	
2.875000	freqmine	1	1428	32.000000	5.040000	1.209000	1554726062	0	0	0	0	0	
2.625000	freqmine	1	1428	32.000000	5.024000	1.406000	1558406011	0	0	0	0	0	
2.750000	freqmine	1	1479	32.000000	5.032000	1.408000	1548930747	0	0	0	0	0	
3.750000	freqmine	1	1479	32.000000	5.032000	1.529000	1566721510	0	0	0	0	0	
2.875000	freqmine	1	1479	32.000000	5.032000	1.368000	1571940481	0	0	0	0	0	
22.750000	streamcluster	1	102	31.000000	5.072000	0.243000	1423763873	0	0	0	0	0	
13.500000	streamcluster	1	102	31.000000	5.072000	0.243000	1432660685	0	0	0	0	0	
19.750000	streamcluster	1	102	30.000000	5.072000	0.243000	1423441446	0	0	0	0	0	
6.625000	streamcluster	1	204	30.000000	5.064000	0.364000	1396635236	0	0	0	0	0	
9.875000	streamcluster	1	204	30.000000	5.064000	0.364000	1394677737	0	0	0	0	0	
7.125000	streamcluster	1	204	30.000000	5.064000	0.364000	1399532569	0	0	0	0	0	
5.000000	streamcluster	1	307	31.000000	5.064000	0.445000	1389428086	0	0	0	0	0	
5.375000	streamcluster	1	307	30.000000	5.056000	0.444000	1390220804	0	0	0	0	0	
5.000000	streamcluster	1	307	30.000000	5.064000	0.445000	1389629487	0	0	0	0	0	
4.125000	streamcluster	1	403	31.000000	5.056000	0.485000	1389828004	0	0	0	0	0	
4.375000	streamcluster	1	403	30.000000	5.056000	0.525000	1387122748	0	0	0	0	0	
4.250000	streamcluster	1	403	30.000000	5.056000	0.485000	1392284621	0	0	0	0	0	
5.125000	streamcluster	1	518	31.000000	5.056000	0.606000	1402456867	0	0	0	0	0	
4.000000	streamcluster	1	518	31.000000	5.056000	0.566000	1399431464	0	0	0	0	0	
3.500000	streamcluster	1	518	31.000000	5.056000	0.566000	1396681146	0	0	0	0	0	
3.750000	streamcluster	1	614	31.000000	5.056000	0.647000	1408233770	0	0	0	0	0	
3.750000	streamcluster	1	614	30.000000	5.056000	0.606000	1420575375	0	0	0	0	0	
3.750000	streamcluster	1	614	31.000000	5.056000	0.647000	1410842245	0	0	0	0	0	
3.750000	streamcluster	1	710	31.000000	5.048000	0.726000	1421196110	0	0	0	0	0	
3.500000	streamcluster	1	710	31.000000	5.048000	0.686000	1431466004	0	0	0	0	0	
3.250000	streamcluster	1	710	31.000000	5.048000	0.726000	1425130495	0	0	0	0	0	
6.250000	streamcluster	1	921	31.000000	5.048000	0.848000	1445382556	0	0	0	0	0	
3.250000	streamcluster	1	921	31.000000	5.048000	0.848000	1465141028	0	0	0	0	0	
3.750000	streamcluster	1	921	31.000000	5.048000	0.807000	1449045117	0	0	0	0	0	
3.000000	streamcluster	1	1036	31.000000	5.048000	0.848000	1455815048	0	0	0	0	0	
4.500000	streamcluster	1	1036	31.000000	5.048000	0.888000	1451551859	0	0	0	0	0	
3.000000	streamcluster	1	1036	31.000000	5.048000	0.888000	1466282890	0	0	0	0	0	
2.750000	streamcluster	1	1132	31.000000	5.048000	0.928000	1493020624	0	0	0	0	0	
2.750000	streamcluster	1	1132	31.000000	5.048000	0.928000	1483151779	0	0	0	0	0	
3.500000	streamcluster	1	1132	31.000000	5.048000	0.928000	1491809026	0	0	0	0	0	
3.000000	streamcluster	1	1224	31.000000	5.048000	1.048000	1495208967	0	0	0	0	0	
3.000000	streamcluster	1	1224	31.000000	5.048000	1.049000	1497556422	0	0	0	0	0	
2.750000	streamcluster	1	1224	31.000000	5.048000	1.049000	1477324685	0	0	0	0	0	
2.750000	streamcluster	1	1428	32.000000	5.048000	1.211000	1520009729	0	0	0	0	0	
2.750000	streamcluster	1	1428	31.000000	5.040000	1.249000	1524014681	0	0	0	0	0	
2.750000	streamcluster	1	1428	31.000000	5.040000	1.290000	1520697231	0	0	0	0	0	
2.750000	streamcluster	1	1479	31.000000	5.040000	1.370000	1532214638	0	0	0	0	0	
2.500000	streamcluster	1	1479	32.000000	5.040000	1.370000	1528497661	0	0	0	0	0	
2.750000	streamcluster	1	1479	32.000000	5.040000	1.411000	1511618782	0	0	0	0	0	
14.000000	vips	1	102	30.000000	5.072000	0.243000	1601413896	0	0	0	0	0	
12.500000	vips	1	102	30.000000	5.072000	0.243000	1613548604	0	0	0	0	0	
16.000000	vips	1	102	30.000000	5.072000	0.243000	1597133958	0	0	0	0	0	
6.500000	vips	1	204	30.000000	5.072000	0.324000	1561578935	0	0	0	0	0	
7.250000	vips	1	204	30.000000	5.072000	0.324000	1551059562	0	0	0	0	0	
7.000000	vips	1	204	30.000000	5.072000	0.324000	1583353787	0	0	0	0	0	
5.250000	vips	1	307	30.000000	5.072000	0.365000	1546161230	0	0	0	0	0	
5.250000	vips	1	307	30.000000	5.064000	0.364000	1555475089	0	0	0	0	0	
5.500000	vips	1	307	31.000000	5.072000	0.365000	1560445001	0	0	0	0	0	
4.750000	vips	1	403	31.000000	5.072000	0.405000	1561319680	0	0	0	0	0	
4.250000	vips	1	403	30.000000	5.072000	0.405000	1574748823	0	0	0	0	0	
4.250000	vips	1	403	30.000000	5.072000	0.405000	1553530980	0	0	0	0	0	
4.250000	vips	1	518	30.000000	5.072000	0.446000	1567666540	0	0	0	0	0	
3.750000	vips	1	518	30.000000	5.072000	0.446000	1559416913	0	0	0	0	0	
4.000000	vips	1	518	30.000000	5.064000	0.486000	1559146584	0	0	0	0	0	
3.250000	vips	1	614	30.000000	5.072000	0.486000	1569036560	0	0	0	0	0	
3.500000	vips	1	614	30.000000	5.072000	0.527000	1582314764	0	0	0	0	0	
3.500000	vips	1	614	30.000000	5.064000	0.526000	1572576519	0	0	0	0	0	
3.250000	vips	1	710	30.000000	5.064000	0.526000	1600221009	0	0	0	0	0	
3.500000	vips	1	710	31.000000	5.072000	0.527000	1596487523	0	0	0	0	0	
3.250000	vips	1	710	31.000000	5.064000	0.526000	1591470121	0	0	0	0	0	
3.000000	vips	1	921	31.000000	5.064000	0.607000	1625071135	0	0	0	0	0	
3.250000	vips	1	921	31.000000	5.064000	0.607000	1617930604	0	0	0	0	0	
3.500000	vips	1	921	31.000000	5.064000	0.648000	1622779253	0	0	0	0	0	
3.000000	vips	1	1036	30.000000	5.064000	0.688000	1632783243	0	0	0	0	0	
3.000000	vips	1	1036	31.000000	5.064000	0.729000	1628753348	0	0	0	0	0	
3.000000	vips	1	1036	31.000000	5.064000	0.688000	1622782742	0	0	0	0	0	
2.750000	vips	1	1132	31.000000	5.064000	0.729000	1651457657	0	0	0	0	0	
2.750000	vips	1	1132	31.000000	5.064000	0.729000	1649047244	0	0	0	0	0	
3.000000	vips	1	1132	31.000000	5.064000	0.769000	1641974451	0	0	0	0	0	
2.750000	vips	1	1224	31.000000	5.056000	0.849000	1653362676	0	0	0	0	0	
2.750000	vips	1	1224	31.000000	5.056000	0.889000	1656908721	0	0	0	0	0	
3.000000	vips	1	1224	32.000000	5.056000	0.849000	1661926403	0	0	0	0	0	
2.750000	vips	1	1428	31.000000	5.048000	1.130000	1702421197	0	0	0	0	0	
2.750000	vips	1	1428	32.000000	5.056000	1.092000	1696038470	0	0	0	0	0	
2.750000	vips	1	1428	32.000000	5.048000	1.130000	1707382597	0	0	0	0	0	
2.500000	vips	1	1479	32.000000	5.048000	1.171000	1691181736	0	0	0	0	0	
2.750000	vips	1	1479	32.000000	5.048000	1.171000	1691231622	0	0	0	0	0	
2.750000	vips	1	1479	31.000000	5.048000	1.171000	1683300628	0	0	0	0	0	
15.750000	x264	1	102	30.000000	5.072000	0.243000	1437671848	0	0	0	0	0	
12.500000	x264	1	102	30.000000	5.072000	0.243000	1432229734	0	0	0	0	0	
15.750000	x264	1	102	30.000000	5.072000	0.243000	1445226997	0	0	0	0	0	
6.750000	x264	1	204	30.000000	5.072000	0.324000	1410648194	0	0	0	0	0	
7.750000	x264	1	204	30.000000	5.072000	0.284000	1406902495	0	0	0	0	0	
10.000000	x264	1	204	30.000000	5.072000	0.324000	1410517480	0	0	0	0	0	
5.750000	x264	1	307	30.000000	5.072000	0.365000	1397890477	0	0	0	0	0	
6.000000	x264	1	307	30.000000	5.072000	0.365000	1405291753	0	0	0	0	0	
5.750000	x264	1	307	30.000000	5.072000	0.365000	1389508470	0	0	0	0	0	
5.000000	x264	1	403	30.000000	5.072000	0.405000	1404370288	0	0	0	0	0	
5.750000	x264	1	403	30.000000	5.072000	0.405000	1410021287	0	0	0	0	0	
5.000000	x264	1	403	30.000000	5.072000	0.405000	1420887797	0	0	0	0	0	
4.000000	x264	1	518	30.000000	5.072000	0.446000	1425370585	0	0	0	0	0	
4.000000	x264	1	518	30.000000	5.072000	0.405000	1415611226	0	0	0	0	0	
3.750000	x264	1	518	31.000000	5.072000	0.405000	1413771860	0	0	0	0	0	
3.750000	x264	1	614	31.000000	5.072000	0.446000	1425311433	0	0	0	0	0	
3.500000	x264	1	614	30.000000	5.072000	0.446000	1426716629	0	0	0	0	0	
3.500000	x264	1	614	31.000000	5.072000	0.446000	1433983800	0	0	0	0	0	
3.250000	x264	1	710	31.000000	5.072000	0.486000	1445491743	0	0	0	0	0	
3.250000	x264	1	710	31.000000	5.072000	0.486000	1440983533	0	0	0	0	0	
3.250000	x264	1	710	31.000000	5.072000	0.486000	1446596400	0	0	0	0	0	
2.750000	x264	1	921	31.000000	5.064000	0.568000	1458329252	0	0	0	0	0	
3.000000	x264	1	921	31.000000	5.064000	0.567000	1475303036	0	0	0	0	0	
3.250000	x264	1	921	31.000000	5.072000	0.567000	1468139956	0	0	0	0	0	
3.250000	x264	1	1036	31.000000	5.064000	0.607000	1482572782	0	0	0	0	0	
2.750000	x264	1	1036	31.000000	5.064000	0.607000	1489347212	0	0	0	0	0	
3.000000	x264	1	1036	31.000000	5.064000	0.607000	1468698985	0	0	0	0	0	
2.750000	x264	1	1132	31.000000	5.064000	0.648000	1496209175	0	0	0	0	0	
2.750000	x264	1	1132	31.000000	5.064000	0.648000	1504823467	0	0	0	0	0	
3.000000	x264	1	1132	31.000000	5.064000	0.648000	1498279980	0	0	0	0	0	
2.750000	x264	1	1224	32.000000	5.064000	0.688000	1500901899	0	0	0	0	0	
2.750000	x264	1	1224	32.000000	5.064000	0.688000	1506962219	0	0	0	0	0	
2.750000	x264	1	1224	31.000000	5.064000	0.729000	1511983220	0	0	0	0	0	
3.000000	x264	1	1428	31.000000	5.056000	0.930000	1537725878	0	0	0	0	0	
2.500000	x264	1	1428	32.000000	5.056000	0.970000	1525915041	0	0	0	0	0	
2.750000	x264	1	1428	32.000000	5.056000	0.930000	1526480754	0	0	0	0	0	
2.750000	x264	1	1479	33.000000	5.056000	0.970000	1542018448	0	0	0	0	0	
2.500000	x264	1	1479	32.000000	5.056000	0.970000	1528856029	0	0	0	0	0	
2.500000	x264	1	1479	31.000000	5.056000	0.970000	1555054629	0	0	0	0	0	
