Run Duration (ms)	Benchmark	Run(#)	CPU Frequency (MHz)	CPU Temperature(C)	Voltage[V]	Power[W]	CPU_CYCLES	UNALIGNED_LDST_SPEC	LDREX_SPEC	STREX_PASS_SPEC	STREX_FAIL_SPEC	LD_SPEC
17.625000	blackscholes	1	102	35.000000	5.072000	0.243000	1434764537	1366225	3733879	3663561	226	300393586	
18.125000	blackscholes	1	102	35.000000	5.072000	0.243000	1442353009	1012019	3766599	3695629	210	301480617	
16.625000	blackscholes	1	102	35.000000	5.072000	0.243000	1449862605	1236846	3824161	3754720	198	302945622	
6.625000	blackscholes	1	204	35.000000	5.064000	0.364000	1415292144	1004697	3821382	3761366	155	298003910	
9.875000	blackscholes	1	204	35.000000	5.064000	0.364000	1411298680	1357032	3801653	3741145	126	297180959	
10.625000	blackscholes	1	204	35.000000	5.056000	0.404000	1408005303	1350968	3764168	3704636	187	296050033	
5.000000	blackscholes	1	307	35.000000	5.056000	0.485000	1402264037	1223830	3721826	3665123	195	293798686	
5.250000	blackscholes	1	307	35.000000	5.056000	0.444000	1399157903	1222999	3692546	3635177	153	292736524	
5.000000	blackscholes	1	307	35.000000	5.056000	0.444000	1406751121	1104911	3756555	3699417	175	294443626	
5.000000	blackscholes	1	403	35.000000	5.056000	0.525000	1389056110	1348729	3632997	3577200	131	289523339	
4.375000	blackscholes	1	403	35.000000	5.056000	0.525000	1412706865	1106507	3773075	3717371	139	294203083	
4.875000	blackscholes	1	403	35.000000	5.056000	0.525000	1410860679	1107162	3778313	3722082	126	293538395	
3.875000	blackscholes	1	518	34.000000	5.056000	0.606000	1427565837	1352325	3797125	3741768	128	293475888	
4.250000	blackscholes	1	518	35.000000	5.056000	0.606000	1416650925	1103146	3747574	3693011	150	292148177	
4.250000	blackscholes	1	518	35.000000	5.056000	0.606000	1418438816	1107241	3753082	3698628	149	292573578	
3.500000	blackscholes	1	614	35.000000	5.048000	0.686000	1423924545	1352264	3718229	3663241	146	291144416	
3.500000	blackscholes	1	614	35.000000	5.048000	0.686000	1428809391	1350722	3734010	3679764	130	291098977	
3.625000	blackscholes	1	614	35.000000	5.048000	0.646000	1433957236	1106456	3761649	3706588	130	292260612	
3.500000	blackscholes	1	710	35.000000	5.048000	0.767000	1436754520	1219704	3729386	3675213	149	290617265	
3.250000	blackscholes	1	710	35.000000	5.048000	0.726000	1439253509	999259	3718657	3664397	128	290309769	
3.500000	blackscholes	1	710	35.000000	5.048000	0.726000	1428355358	1346707	3648282	3594971	151	288561600	
3.000000	blackscholes	1	921	35.000000	5.040000	0.927000	1462845190	1349438	3707315	3653416	139	289545628	
3.250000	blackscholes	1	921	35.000000	5.040000	0.887000	1460735872	996749	3671339	3618266	110	288687498	
3.250000	blackscholes	1	921	35.000000	5.040000	0.888000	1458311864	1217783	3661667	3608340	152	288390227	
3.250000	blackscholes	1	1036	35.000000	5.048000	0.888000	1483933043	1220430	3735905	3682466	153	289991145	
2.750000	blackscholes	1	1036	35.000000	5.040000	0.927000	1482743551	1218504	3726266	3673008	133	289906997	
3.375000	blackscholes	1	1036	35.000000	5.040000	0.927000	1489487420	1221562	3737671	3684161	128	290704803	
3.125000	blackscholes	1	1132	35.000000	5.048000	0.969000	1491765187	1348544	3750223	3696851	150	290886833	
3.125000	blackscholes	1	1132	35.000000	5.048000	0.928000	1485438118	1217269	3678265	3624998	155	288686243	
3.375000	blackscholes	1	1132	35.000000	5.040000	0.967000	1494164057	1350856	3720035	3666369	169	290512347	
2.750000	blackscholes	1	1224	35.000000	5.040000	1.008000	1510210770	1219458	3777025	3723052	125	291445412	
2.500000	blackscholes	1	1224	35.000000	5.040000	1.048000	1495174290	1102584	3653275	3600170	206	287711808	
2.875000	blackscholes	1	1224	35.000000	5.040000	1.088000	1501098699	1346631	3740942	3687416	147	290135376	
2.500000	blackscholes	1	1428	36.000000	5.040000	1.290000	1533618896	1219322	3755958	3702800	143	290541072	
2.500000	blackscholes	1	1428	35.000000	5.040000	1.370000	1540902831	1220019	3810625	3756677	167	291787092	
3.500000	blackscholes	1	1428	36.000000	5.032000	1.328000	1521086530	994101	3652469	3599482	206	287586033	
3.500000	blackscholes	1	1479	36.000000	5.032000	1.489000	1559618819	1219370	3877411	3822972	206	293745682	
3.875000	blackscholes	1	1479	36.000000	5.032000	1.449000	1534170903	997514	3709286	3655963	172	289073162	
2.500000	blackscholes	1	1479	36.000000	5.032000	1.408000	1538552943	1106114	3727148	3674249	149	289746890	
15.000000	bodytrack	1	102	34.000000	5.072000	0.243000	1673599173	1471881	3931229	3850491	238	376768727	
16.375000	bodytrack	1	102	34.000000	5.072000	0.243000	1679869332	1335289	3975807	3893427	256	377453454	
20.500000	bodytrack	1	102	34.000000	5.072000	0.243000	1684747869	1467128	3972612	3890346	245	378542455	
7.750000	bodytrack	1	204	34.000000	5.064000	0.324000	1645464165	1323514	3936189	3866487	161	370816576	
7.125000	bodytrack	1	204	34.000000	5.072000	0.324000	1649249648	1100701	4002793	3932068	1108	372642710	
7.125000	bodytrack	1	204	34.000000	5.072000	0.324000	1656671386	1103388	4054977	3983885	158	374386167	
5.250000	bodytrack	1	307	34.000000	5.056000	0.364000	1642390859	1207804	3934980	3867761	149	368865428	
5.500000	bodytrack	1	307	34.000000	5.064000	0.364000	1659859720	1102203	4059196	3992794	157	372904662	
6.250000	bodytrack	1	307	34.000000	5.056000	0.364000	1645492119	1210138	3974762	3908096	154	370228531	
4.000000	bodytrack	1	403	34.000000	5.064000	0.405000	1633656987	1318112	3859989	3794307	173	365671351	
4.500000	bodytrack	1	403	34.000000	5.064000	0.445000	1644114680	1321227	3985094	3919935	147	368849000	
4.500000	bodytrack	1	403	34.000000	5.064000	0.405000	1648177745	1097980	3959710	3895959	129	368895578	
4.000000	bodytrack	1	518	34.000000	5.064000	0.486000	1649342971	1317408	3893572	3828977	129	365964414	
5.500000	bodytrack	1	518	34.000000	5.064000	0.486000	1655503581	1324770	3941940	3878301	131	367101066	
4.250000	bodytrack	1	518	34.000000	5.064000	0.486000	1657907142	1451483	3947597	3882285	150	368000844	
3.500000	bodytrack	1	614	34.000000	5.064000	0.526000	1700082277	1455736	3896659	3833166	199	367349326	
3.500000	bodytrack	1	614	34.000000	5.064000	0.526000	1671127443	1455976	3945341	3882211	178	367511463	
3.500000	bodytrack	1	614	34.000000	5.064000	0.526000	1662781574	1205664	3889514	3826542	157	364969827	
3.250000	bodytrack	1	710	34.000000	5.064000	0.567000	1673869576	1202073	3886376	3823118	170	364748057	
3.250000	bodytrack	1	710	34.000000	5.064000	0.567000	1663223148	1097716	3818671	3755013	145	362729578	
3.250000	bodytrack	1	710	34.000000	5.056000	0.566000	1678178943	1447830	3904540	3840852	251	365735601	
2.750000	bodytrack	1	921	34.000000	5.056000	0.687000	1712663327	1203642	3930551	3867741	338	365599059	
2.750000	bodytrack	1	921	35.000000	5.056000	0.687000	1706502853	1093124	3902942	3840030	211	364763800	
3.250000	bodytrack	1	921	35.000000	5.056000	0.728000	1711985808	1094323	3949340	3886303	211	366017448	
3.000000	bodytrack	1	1036	35.000000	5.048000	0.848000	1721203191	1318160	3882304	3818781	222	363612625	
2.750000	bodytrack	1	1036	35.000000	5.048000	0.848000	1717038768	1447322	3877268	3815157	144	363488499	
3.000000	bodytrack	1	1036	35.000000	5.048000	0.848000	1731081448	1095435	3945518	3882772	186	365901063	
2.750000	bodytrack	1	1132	35.000000	5.048000	0.848000	1724359971	1202266	3862999	3799558	155	363171718	
3.000000	bodytrack	1	1132	35.000000	5.048000	0.848000	1728787728	1096445	3888725	3826793	147	364399640	
2.750000	bodytrack	1	1132	35.000000	5.048000	0.848000	1741778608	1316954	4026592	3963682	189	367663366	
3.000000	bodytrack	1	1224	36.000000	5.048000	0.928000	1733587826	1087528	3806149	3741605	223	361828687	
2.750000	bodytrack	1	1224	36.000000	5.048000	0.969000	1746656448	1092906	3910562	3848333	137	364654760	
3.750000	bodytrack	1	1224	35.000000	5.048000	0.969000	1746081523	1202494	3912122	3849722	263	364460940	
2.500000	bodytrack	1	1428	36.000000	5.040000	1.209000	1775011159	1200663	3914563	3852351	193	364152008	
2.750000	bodytrack	1	1428	36.000000	5.040000	1.209000	1763064747	1203214	3808665	3746115	188	361396177	
2.750000	bodytrack	1	1428	36.000000	5.040000	1.209000	1772282846	1449514	3873162	3810367	126	363513562	
2.500000	bodytrack	1	1479	36.000000	5.040000	1.290000	1781140790	1315351	3865936	3802725	260	363022584	
2.500000	bodytrack	1	1479	36.000000	5.032000	1.330000	1784500851	1320734	3861527	3798172	264	362931584	
2.500000	bodytrack	1	1479	36.000000	5.032000	1.330000	1786695634	1448801	3944594	3882355	158	364765975	
15.750000	dedup	1	102	34.000000	5.072000	0.243000	1441061896	1366119	3728267	3657789	222	302328612	
16.500000	dedup	1	102	34.000000	5.072000	0.243000	1458987688	1120041	3831830	3761517	235	305963901	
12.750000	dedup	1	102	34.000000	5.072000	0.243000	1472373194	1120087	3946772	3876628	187	308990414	
11.500000	dedup	1	204	34.000000	5.064000	0.364000	1417174495	1354430	3736672	3675997	178	297941892	
13.750000	dedup	1	204	34.000000	5.064000	0.364000	1414825372	1352032	3768239	3707761	127	298295026	
6.500000	dedup	1	204	34.000000	5.064000	0.364000	1420802267	1111726	3790720	3730430	170	299027024	
5.750000	dedup	1	307	34.000000	5.056000	0.444000	1414936378	1001164	3763501	3705653	159	296627415	
6.000000	dedup	1	307	34.000000	5.064000	0.445000	1428508354	1000811	3865271	3808476	152	299400934	
5.000000	dedup	1	307	34.000000	5.064000	0.445000	1411248064	1352510	3737426	3678769	130	295776759	
4.500000	dedup	1	403	34.000000	5.056000	0.525000	1405654503	1217616	3692290	3636047	141	293359053	
4.500000	dedup	1	403	34.000000	5.056000	0.525000	1421416690	1223623	3770796	3714712	145	295839839	
5.000000	dedup	1	403	34.000000	5.056000	0.525000	1423671684	1217412	3800051	3743833	166	296711270	
3.750000	dedup	1	518	34.000000	5.056000	0.606000	1420046704	996433	3661463	3607379	125	292055024	
4.000000	dedup	1	518	34.000000	5.056000	0.606000	1425862814	1109539	3743971	3688235	131	294719635	
5.250000	dedup	1	518	34.000000	5.056000	0.606000	1417781738	996522	3671557	3616167	125	292530983	
3.500000	dedup	1	614	34.000000	5.048000	0.726000	1455867571	1000393	3876903	3822192	127	297169967	
4.750000	dedup	1	614	34.000000	5.048000	0.646000	1437171739	1219450	3723933	3668846	132	293514657	
3.500000	dedup	1	614	34.000000	5.056000	0.647000	1441747361	1348513	3762807	3708601	155	294045257	
3.500000	dedup	1	710	34.000000	5.048000	0.767000	1454833924	998294	3760107	3704128	170	294009457	
3.000000	dedup	1	710	35.000000	5.048000	0.686000	1454076915	1106773	3742938	3688892	129	293683348	
3.250000	dedup	1	710	34.000000	5.048000	0.766000	1447813137	1348838	3725652	3671488	165	292492621	
2.750000	dedup	1	921	34.000000	5.048000	0.848000	1491383296	1353434	3836083	3782078	160	295488598	
3.000000	dedup	1	921	35.000000	5.040000	0.887000	1483080203	1354895	3758167	3704567	151	293458204	
3.000000	dedup	1	921	34.000000	5.040000	0.887000	1493473249	999002	3853865	3799815	215	296118344	
3.000000	dedup	1	1036	34.000000	5.040000	0.967000	1497623020	1107196	3754463	3699881	217	293411120	
2.750000	dedup	1	1036	35.000000	5.040000	0.887000	1517625833	1350090	3876616	3822421	260	296594703	
3.000000	dedup	1	1036	35.000000	5.040000	0.927000	1503376713	1221571	3789606	3735627	174	293658577	
2.750000	dedup	1	1132	35.000000	5.040000	0.967000	1502391032	998033	3744244	3690843	123	292488884	
2.750000	dedup	1	1132	34.000000	5.040000	0.967000	1513178558	1104742	3810006	3754855	181	294435829	
3.000000	dedup	1	1132	35.000000	5.040000	0.967000	1513444608	1103323	3786389	3731983	168	294861365	
2.750000	dedup	1	1224	35.000000	5.040000	1.128000	1521762473	1105963	3787273	3733858	198	293713816	
3.500000	dedup	1	1224	35.000000	5.040000	1.127000	1519719330	1351563	3745946	3691930	325	292545383	
3.000000	dedup	1	1224	35.000000	5.040000	1.048000	1521105309	1349328	3737073	3683660	194	292300316	
3.250000	dedup	1	1428	35.000000	5.032000	1.449000	1540347660	1105685	3726041	3672578	185	291421114	
3.500000	dedup	1	1428	35.000000	5.032000	1.408000	1534367721	1106951	3678731	3624825	277	291093089	
4.250000	dedup	1	1428	35.000000	5.032000	1.368000	1540863275	1347108	3738876	3685134	329	291867754	
2.500000	dedup	1	1479	35.000000	5.024000	1.449000	1561053271	1347210	3776785	3723049	338	293281553	
2.500000	dedup	1	1479	36.000000	5.032000	1.449000	1553625356	996643	3724948	3670786	156	292741142	
2.500000	dedup	1	1479	35.000000	5.032000	1.489000	1546386857	1215506	3695957	3642764	150	290636008	
14.500000	ferret	1	102	34.000000	5.072000	0.243000	1468273198	1251760	3830490	3759855	202	308600824	
19.250000	ferret	1	102	34.000000	5.072000	0.243000	1464959319	1133868	3824308	3754619	263	307802765	
20.500000	ferret	1	102	33.000000	5.072000	0.243000	1463564097	1378308	3823849	3753144	171	307854623	
8.250000	ferret	1	204	34.000000	5.072000	0.324000	1430210645	1010614	3764825	3703969	235	302028901	
6.500000	ferret	1	204	33.000000	5.072000	0.324000	1434219328	1121229	3771659	3709343	199	302164268	
7.250000	ferret	1	204	33.000000	5.064000	0.324000	1437093629	1364217	3792639	3731298	183	303455525	
6.250000	ferret	1	307	33.000000	5.072000	0.365000	1421782863	1119854	3729703	3671139	168	298903177	
5.750000	ferret	1	307	34.000000	5.072000	0.365000	1427049747	1236171	3755260	3696357	227	299518754	
5.000000	ferret	1	307	33.000000	5.072000	0.365000	1418145573	1012229	3710800	3653231	139	298147437	
4.750000	ferret	1	403	33.000000	5.072000	0.405000	1433709108	1117307	3751365	3694443	133	298115424	
4.750000	ferret	1	403	33.000000	5.072000	0.405000	1439034038	1011806	3772296	3715012	142	299213008	
4.500000	ferret	1	403	33.000000	5.072000	0.405000	1432392156	1014614	3754907	3697256	178	298655374	
3.750000	ferret	1	518	34.000000	5.072000	0.446000	1441055445	1362402	3728108	3672388	197	296924684	
3.750000	ferret	1	518	33.000000	5.072000	0.446000	1454413668	1009645	3838268	3782727	169	299949585	
4.250000	ferret	1	518	34.000000	5.072000	0.446000	1450021533	1012608	3798477	3742681	125	299552074	
3.500000	ferret	1	614	34.000000	5.072000	0.446000	1457534531	1012592	3756417	3700201	149	297068024	
3.750000	ferret	1	614	33.000000	5.072000	0.486000	1450977312	1007678	3730253	3675143	148	296978371	
3.500000	ferret	1	614	34.000000	5.072000	0.486000	1462423545	1008436	3825060	3768106	522	299090672	
3.000000	ferret	1	710	34.000000	5.072000	0.527000	1468435724	1233383	3740398	3685871	155	296915730	
3.000000	ferret	1	710	34.000000	5.072000	0.486000	1461607449	1232332	3725348	3670095	106	296054423	
3.250000	ferret	1	710	34.000000	5.072000	0.486000	1476407244	1117622	3778760	3724140	134	298378594	
3.000000	ferret	1	921	34.000000	5.064000	0.567000	1481453810	1229365	3659575	3605042	189	294306283	
2.750000	ferret	1	921	34.000000	5.064000	0.567000	1501478895	1232013	3781647	3726628	166	297141782	
2.750000	ferret	1	921	34.000000	5.064000	0.607000	1493824126	1361535	3701052	3645836	187	295006626	
3.000000	ferret	1	1036	34.000000	5.064000	0.607000	1513937631	1118065	3792755	3737414	179	296916723	
2.750000	ferret	1	1036	34.000000	5.072000	0.568000	1510347662	1008333	3739187	3685095	242	296277660	
2.750000	ferret	1	1036	34.000000	5.064000	0.648000	1511791083	1005446	3713248	3658540	151	295700066	
3.250000	ferret	1	1132	34.000000	5.064000	0.607000	1516502301	1117581	3751692	3697448	143	296652887	
2.750000	ferret	1	1132	34.000000	5.064000	0.648000	1517915998	1116605	3742117	3687315	138	295834768	
2.750000	ferret	1	1132	34.000000	5.064000	0.648000	1511501201	1009683	3729469	3675478	162	295637623	
2.750000	ferret	1	1224	34.000000	5.064000	0.729000	1523049207	1227718	3662160	3608605	134	293727529	
2.750000	ferret	1	1224	34.000000	5.064000	0.729000	1542980746	1230789	3830206	3776391	151	297878591	
2.750000	ferret	1	1224	34.000000	5.064000	0.729000	1531758433	1007503	3720104	3665376	169	295435357	
3.500000	ferret	1	1428	34.000000	5.056000	0.930000	1560712008	1229063	3762623	3708694	135	296117474	
2.750000	ferret	1	1428	35.000000	5.056000	0.930000	1558799140	1364769	3740305	3685263	152	295244467	
2.750000	ferret	1	1428	35.000000	5.056000	0.930000	1558958851	1115342	3684700	3630956	150	294855405	
2.500000	ferret	1	1479	35.000000	5.056000	0.970000	1572037732	1359560	3762246	3708095	177	296259364	
2.750000	ferret	1	1479	35.000000	5.056000	0.970000	1557417588	1118465	3659274	3604978	202	293917665	
2.500000	ferret	1	1479	35.000000	5.056000	0.930000	1565594524	1230077	3734736	3680991	182	295215503	
19.000000	fluidanimate	1	102	34.000000	5.072000	0.243000	1480482954	1263654	3806925	3736908	177	317071201	
26.000000	fluidanimate	1	102	34.000000	5.072000	0.243000	1494932069	1379495	3850992	3778493	246	318488609	
21.250000	fluidanimate	1	102	34.000000	5.072000	0.243000	1477610512	1262282	3738301	3666633	202	315347133	
8.750000	fluidanimate	1	204	34.000000	5.064000	0.364000	1451115102	1498768	3770617	3709489	187	310868484	
9.250000	fluidanimate	1	204	34.000000	5.064000	0.364000	1449118350	1500365	3807353	3746253	154	312468042	
9.750000	fluidanimate	1	204	33.000000	5.064000	0.364000	1452581925	1249959	3818869	3758304	129	312257986	
5.750000	fluidanimate	1	307	34.000000	5.064000	0.445000	1445954701	1259077	3772231	3713555	161	308642928	
6.500000	fluidanimate	1	307	34.000000	5.064000	0.405000	1436950001	1256930	3695910	3637169	164	307325013	
6.500000	fluidanimate	1	307	34.000000	5.064000	0.445000	1451487610	1250470	3794324	3735596	135	309880574	
4.250000	fluidanimate	1	403	34.000000	5.056000	0.485000	1449131504	1138214	3786434	3729355	161	308108268	
4.500000	fluidanimate	1	403	34.000000	5.056000	0.485000	1446298134	1364259	3724447	3667172	161	306885169	
4.250000	fluidanimate	1	403	34.000000	5.056000	0.485000	1458820096	1497031	3823495	3766790	195	309276536	
4.000000	fluidanimate	1	518	34.000000	5.056000	0.566000	1467296578	1493734	3802941	3746583	182	308690286	
4.250000	fluidanimate	1	518	34.000000	5.056000	0.606000	1463104873	1491360	3815186	3758972	135	307900398	
4.500000	fluidanimate	1	518	34.000000	5.056000	0.566000	1466553565	1498738	3796394	3739793	158	308524393	
3.750000	fluidanimate	1	614	34.000000	5.056000	0.606000	1471269834	1142246	3757672	3701609	151	306225845	
3.250000	fluidanimate	1	614	34.000000	5.056000	0.606000	1467062975	1366764	3719938	3663918	183	305379306	
5.250000	fluidanimate	1	614	34.000000	5.056000	0.647000	1478823031	1494351	3800492	3745019	129	308320339	
3.250000	fluidanimate	1	710	34.000000	5.048000	0.686000	1487825560	1145110	3803340	3748129	141	307074999	
3.750000	fluidanimate	1	710	34.000000	5.048000	0.726000	1501373092	1364200	3885025	3829874	140	309305946	
3.500000	fluidanimate	1	710	34.000000	5.048000	0.686000	1487738921	1147050	3759841	3704739	148	306545123	
3.500000	fluidanimate	1	921	34.000000	5.048000	0.848000	1522021358	1360837	3813764	3759355	236	307043985	
3.250000	fluidanimate	1	921	34.000000	5.048000	0.807000	1531768284	1247553	3894136	3839899	174	309497413	
3.000000	fluidanimate	1	921	34.000000	5.048000	0.848000	1516424669	1489907	3743872	3689562	151	306880713	
3.000000	fluidanimate	1	1036	34.000000	5.040000	0.927000	1529658990	1493583	3738719	3684550	211	304866715	
3.000000	fluidanimate	1	1036	34.000000	5.040000	1.008000	1540744202	1493986	3815660	3761602	161	306962537	
2.750000	fluidanimate	1	1036	34.000000	5.040000	0.888000	1537617167	1245405	3757303	3701796	196	306063386	
3.000000	fluidanimate	1	1132	35.000000	5.040000	0.967000	1545046626	1146708	3812426	3756983	191	307287588	
2.750000	fluidanimate	1	1132	34.000000	5.040000	0.887000	1534919394	1493447	3735064	3681559	213	305014912	
3.000000	fluidanimate	1	1132	34.000000	5.040000	0.927000	1531841995	1245755	3730634	3676198	259	304859925	
2.750000	fluidanimate	1	1224	34.000000	5.040000	1.048000	1555330807	1245012	3787068	3732509	234	305910600	
2.750000	fluidanimate	1	1224	34.000000	5.040000	1.008000	1547334777	1493130	3703263	3647989	190	303905541	
3.000000	fluidanimate	1	1224	35.000000	5.040000	1.088000	1569548563	1372894	3866077	3812123	244	308417490	
2.500000	fluidanimate	1	1428	35.000000	5.024000	1.487000	1576487832	1248420	3692604	3638437	531	303956146	
3.000000	fluidanimate	1	1428	35.000000	5.024000	1.487000	1568252541	1356200	3684052	3629410	157	302897643	
2.500000	fluidanimate	1	1428	35.000000	5.032000	1.288000	1570498661	1242653	3672310	3617834	148	302807953	
2.500000	fluidanimate	1	1479	35.000000	5.024000	1.406000	1585490211	1363596	3738286	3683625	335	304913888	
2.500000	fluidanimate	1	1479	36.000000	5.024000	1.487000	1594217520	1364569	3780166	3725720	154	306291688	
2.750000	fluidanimate	1	1479	35.000000	5.024000	1.446000	1591509129	1497728	3753372	3698984	160	305194980	
15.750000	freqmine	1	102	34.000000	5.072000	0.243000	1459805999	1031016	3770371	3699726	197	305833979	
23.750000	freqmine	1	102	34.000000	5.064000	0.243000	1472873914	1138498	3873781	3803112	249	308259068	
13.750000	freqmine	1	102	33.000000	5.072000	0.243000	1462082397	1143613	3767771	3696867	232	306449442	
7.500000	freqmine	1	204	34.000000	5.064000	0.324000	1439017267	1375392	3803990	3741433	178	301940593	
7.750000	freqmine	1	204	33.000000	5.064000	0.405000	1438670936	1244898	3749056	3687902	209	300545667	
8.250000	freqmine	1	204	33.000000	5.064000	0.324000	1445929192	1374377	3819820	3758617	171	302463629	
5.750000	freqmine	1	307	34.000000	5.064000	0.405000	1416486985	1129383	3661132	3603157	158	296085116	
5.500000	freqmine	1	307	34.000000	5.056000	0.444000	1419341175	1241847	3700472	3642800	148	296933755	
5.250000	freqmine	1	307	33.000000	5.056000	0.444000	1417329030	1125917	3671159	3613071	212	296443527	
5.250000	freqmine	1	403	34.000000	5.056000	0.485000	1435087034	1244639	3788169	3732295	130	298731248	
4.500000	freqmine	1	403	33.000000	5.056000	0.485000	1432313836	1122618	3760048	3703477	810	297306980	
4.500000	freqmine	1	403	34.000000	5.056000	0.485000	1447676516	1127094	3885160	3828730	168	300797145	
4.000000	freqmine	1	518	34.000000	5.056000	0.566000	1441750401	1373132	3748284	3693669	180	296822382	
4.750000	freqmine	1	518	34.000000	5.056000	0.566000	1443921181	1238584	3787092	3731519	129	297175478	
3.750000	freqmine	1	518	34.000000	5.056000	0.525000	1428175387	1013846	3649673	3594293	125	293665439	
3.500000	freqmine	1	614	34.000000	5.056000	0.606000	1454382494	1370127	3764143	3709680	165	296898217	
3.500000	freqmine	1	614	34.000000	5.056000	0.606000	1466871330	1016857	3849373	3795581	149	299324822	
3.750000	freqmine	1	614	34.000000	5.056000	0.606000	1452187693	1124947	3737112	3677724	150	295948727	
3.500000	freqmine	1	710	34.000000	5.048000	0.686000	1454282293	1372982	3650734	3595873	144	293960354	
3.750000	freqmine	1	710	34.000000	5.056000	0.686000	1453642697	1236269	3641163	3586825	141	293118566	
3.250000	freqmine	1	710	34.000000	5.048000	0.686000	1460670722	1369499	3693666	3638736	142	294397119	
3.000000	freqmine	1	921	34.000000	5.048000	0.807000	1491342644	1368820	3747090	3693327	154	295135248	
3.000000	freqmine	1	921	35.000000	5.048000	0.807000	1492208159	1016926	3724138	3670499	150	294500821	
3.250000	freqmine	1	921	34.000000	5.048000	0.846000	1494929749	1126138	3792664	3738759	142	296204421	
2.750000	freqmine	1	1036	34.000000	5.048000	0.888000	1502302375	1367361	3645174	3591526	136	292302428	
6.000000	freqmine	1	1036	34.000000	5.040000	0.888000	1502636752	1240161	3693215	3638968	170	293665806	
3.000000	freqmine	1	1036	34.000000	5.048000	0.848000	1496818332	1365998	3668752	3614891	147	293207944	
2.750000	freqmine	1	1132	34.000000	5.040000	0.927000	1521844423	1368091	3778425	3724334	140	295672779	
2.750000	freqmine	1	1132	35.000000	5.040000	0.887000	1520845053	1369531	3748435	3695037	174	295180234	
3.000000	freqmine	1	1132	34.000000	5.040000	1.008000	1529628636	1369268	3834960	3780352	196	298074802	
2.500000	freqmine	1	1224	35.000000	5.040000	1.048000	1535869464	1121463	3781347	3727541	302	295668704	
3.000000	freqmine	1	1224	34.000000	5.040000	1.048000	1521858120	1119268	3671498	3617451	139	292965185	
2.750000	freqmine	1	1224	34.000000	5.040000	1.127000	1524803710	1238446	3699448	3645868	151	293480752	
3.250000	freqmine	1	1428	36.000000	5.032000	1.328000	1563670417	1372570	3771798	3718320	241	295730841	
2.750000	freqmine	1	1428	35.000000	5.024000	1.446000	1563003502	1128058	3798431	3745903	142	295798984	
2.750000	freqmine	1	1428	35.000000	5.040000	1.249000	1556144020	1015865	3733564	3678979	309	294772569	
2.500000	freqmine	1	1479	35.000000	5.032000	1.408000	1570590975	1014970	3747160	3692797	243	294542697	
2.750000	freqmine	1	1479	35.000000	5.024000	1.446000	1574458070	1013959	3787646	3733961	190	295855089	
2.500000	freqmine	1	1479	35.000000	5.024000	1.487000	1584715377	1014298	3846589	3792564	231	297554861	
25.500000	streamcluster	1	102	34.000000	5.072000	0.243000	1445716182	1223264	3880885	3811685	178	304141377	
30.500000	streamcluster	1	102	33.000000	5.072000	0.243000	1427654904	1353626	3729981	3661008	233	299504275	
25.500000	streamcluster	1	102	33.000000	5.072000	0.243000	1430446391	1222109	3747653	3677990	224	300480174	
9.750000	streamcluster	1	204	34.000000	5.064000	0.364000	1407800637	1095794	3817867	3759037	121	297387365	
10.250000	streamcluster	1	204	34.000000	5.064000	0.364000	1395848601	1344118	3758410	3698313	262	295137063	
7.500000	streamcluster	1	204	33.000000	5.064000	0.364000	1386333717	995006	3667076	3608608	151	292949451	
5.250000	streamcluster	1	307	34.000000	5.056000	0.444000	1394202992	989702	3739400	3681817	408	293196910	
5.000000	streamcluster	1	307	34.000000	5.056000	0.444000	1392613117	1341089	3705869	3648788	149	292611747	
5.000000	streamcluster	1	307	34.000000	5.056000	0.444000	1390800093	1210676	3684710	3627401	129	291448114	
5.000000	streamcluster	1	403	34.000000	5.056000	0.525000	1403661511	1096575	3754759	3699706	792	292437945	
4.250000	streamcluster	1	403	33.000000	5.056000	0.525000	1401500502	1214435	3743440	3688403	142	292536483	
4.250000	streamcluster	1	403	34.000000	5.056000	0.485000	1397379180	1097389	3700391	3643803	154	291294964	
4.000000	streamcluster	1	518	33.000000	5.056000	0.606000	1400461579	1338929	3642954	3588937	140	288726170	
4.000000	streamcluster	1	518	34.000000	5.056000	0.566000	1401463660	1337688	3694301	3639304	109	289836455	
3.750000	streamcluster	1	518	34.000000	5.056000	0.605000	1402082287	1339326	3659684	3605166	150	289179447	
4.250000	streamcluster	1	614	34.000000	5.048000	0.646000	1421053882	1095555	3709887	3655550	141	290029845	
3.750000	streamcluster	1	614	34.000000	5.056000	0.726000	1417496509	1099025	3741554	3687171	132	290268877	
5.000000	streamcluster	1	614	34.000000	5.048000	0.686000	1409718759	1093416	3647478	3593221	163	288025407	
3.250000	streamcluster	1	710	34.000000	5.048000	0.726000	1438813039	1210010	3800739	3747685	134	292175066	
3.250000	streamcluster	1	710	34.000000	5.048000	0.726000	1440813706	1338661	3799688	3746749	155	292297338	
3.250000	streamcluster	1	710	34.000000	5.048000	0.726000	1419337731	983950	3633415	3579956	130	287478460	
3.000000	streamcluster	1	921	34.000000	5.048000	0.848000	1452058277	985960	3674843	3622114	168	289108107	
3.000000	streamcluster	1	921	34.000000	5.040000	0.927000	1456791219	1208770	3685841	3632376	135	288208829	
3.000000	streamcluster	1	921	34.000000	5.048000	0.848000	1464358038	1210982	3757446	3704674	152	291168579	
4.750000	streamcluster	1	1036	34.000000	5.048000	0.888000	1478182027	1208017	3745128	3691988	190	290477308	
2.750000	streamcluster	1	1036	34.000000	5.048000	0.928000	1475805521	1092344	3713449	3660389	173	289547485	
3.500000	streamcluster	1	1036	34.000000	5.048000	0.928000	1485858819	987045	3809267	3755708	101	292086505	
4.000000	streamcluster	1	1132	34.000000	5.048000	0.928000	1464672275	987239	3601770	3548303	111	286299989	
3.500000	streamcluster	1	1132	34.000000	5.048000	0.928000	1485840495	1093368	3727424	3674458	179	289868912	
2.750000	streamcluster	1	1132	34.000000	5.048000	0.888000	1482780860	1340112	3721664	3668928	142	289263367	
2.750000	streamcluster	1	1224	34.000000	5.048000	1.009000	1491705102	984091	3683290	3630883	151	288427867	
3.250000	streamcluster	1	1224	34.000000	5.040000	1.048000	1490633699	1097813	3670083	3616247	205	288006115	
3.000000	streamcluster	1	1224	34.000000	5.048000	1.049000	1489613508	982864	3696042	3643537	144	288483103	
2.750000	streamcluster	1	1428	35.000000	5.040000	1.249000	1512872673	1090245	3688320	3635949	126	287771579	
2.750000	streamcluster	1	1428	35.000000	5.040000	1.330000	1519323275	986226	3726835	3674058	174	288827149	
2.750000	streamcluster	1	1428	35.000000	5.040000	1.209000	1519067221	984113	3703889	3651299	127	288402646	
2.750000	streamcluster	1	1479	35.000000	5.040000	1.290000	1525949070	1207885	3681603	3628751	260	288149596	
2.500000	streamcluster	1	1479	35.000000	5.040000	1.370000	1530534662	982908	3676292	3622501	146	287884827	
2.750000	streamcluster	1	1479	35.000000	5.040000	1.370000	1533555822	1094568	3687261	3634619	139	288292051	
12.500000	vips	1	102	34.000000	5.072000	0.243000	1598519718	1464805	3814786	3741242	224	334502249	
13.500000	vips	1	102	33.000000	5.072000	0.243000	1593147506	1219244	3829576	3755142	191	332902108	
20.000000	vips	1	102	33.000000	5.072000	0.243000	1599793468	1340144	3824790	3751390	260	333676324	
7.000000	vips	1	204	33.000000	5.072000	0.324000	1562651411	1453370	3802907	3739804	200	327888847	
7.250000	vips	1	204	33.000000	5.072000	0.324000	1553252493	1210416	3792927	3730343	189	327176754	
7.500000	vips	1	204	33.000000	5.072000	0.324000	1578443456	1457315	3907854	3845345	211	331604679	
5.750000	vips	1	307	34.000000	5.072000	0.364000	1556229597	1369892	3787950	3728719	144	326101212	
5.750000	vips	1	307	33.000000	5.064000	0.405000	1571986357	1367033	3911029	3851763	190	328822791	
6.000000	vips	1	307	33.000000	5.072000	0.365000	1556851149	1212251	3772440	3712693	146	325328564	
4.750000	vips	1	403	33.000000	5.072000	0.405000	1565978921	1206944	3824362	3766441	155	325416584	
4.000000	vips	1	403	34.000000	5.072000	0.405000	1568143450	1319556	3817454	3759642	191	324774504	
5.250000	vips	1	403	34.000000	5.064000	0.445000	1564523624	1098562	3798074	3740912	157	324423261	
4.000000	vips	1	518	33.000000	5.064000	0.486000	1558963893	1093982	3691126	3633020	206	319940541	
3.750000	vips	1	518	33.000000	5.064000	0.486000	1571650638	1473148	3788716	3732541	154	322619669	
4.000000	vips	1	518	34.000000	5.072000	0.486000	1563789750	1365670	3717167	3660242	143	322006942	
3.500000	vips	1	614	34.000000	5.064000	0.486000	1582332381	1207654	3784561	3728480	141	322648624	
3.500000	vips	1	614	34.000000	5.064000	0.526000	1591682178	1099298	3833529	3777541	147	324715657	
3.500000	vips	1	614	34.000000	5.072000	0.486000	1575130649	1326076	3708323	3652682	134	321536389	
3.500000	vips	1	710	33.000000	5.064000	0.567000	1593741894	1204943	3758253	3702696	140	322102003	
3.500000	vips	1	710	34.000000	5.064000	0.567000	1595124594	1316055	3764388	3708549	169	322235638	
3.500000	vips	1	710	34.000000	5.064000	0.567000	1602016019	1204548	3817943	3762883	129	323749318	
3.000000	vips	1	921	34.000000	5.064000	0.648000	1620919253	1470658	3751979	3696665	488	320967022	
2.750000	vips	1	921	35.000000	5.064000	0.648000	1626651110	1590388	3780543	3725005	142	322327921	
3.000000	vips	1	921	34.000000	5.064000	0.648000	1614137386	1709448	3716029	3661245	128	320448261	
2.750000	vips	1	1036	34.000000	5.056000	0.728000	1644601741	1204545	3788408	3732463	124	321936486	
3.000000	vips	1	1036	34.000000	5.064000	0.729000	1649669997	1320828	3820712	3765703	153	323630593	
2.750000	vips	1	1036	34.000000	5.064000	0.729000	1645989830	1204119	3802327	3746572	195	321952915	
3.000000	vips	1	1132	34.000000	5.056000	0.768000	1641305279	1318359	3759521	3704508	138	320126910	
2.750000	vips	1	1132	34.000000	5.064000	0.729000	1640455445	1360146	3748800	3693421	224	320234630	
3.250000	vips	1	1132	34.000000	5.064000	0.768000	1632140449	1205948	3692434	3636150	187	318841717	
2.750000	vips	1	1224	34.000000	5.056000	0.849000	1651764953	1096820	3727881	3672835	908	319457757	
3.000000	vips	1	1224	34.000000	5.056000	0.889000	1648803644	1206950	3686099	3631566	271	318653478	
2.750000	vips	1	1224	34.000000	5.056000	0.849000	1658035473	1446602	3749287	3694557	229	320329346	
3.250000	vips	1	1428	36.000000	5.048000	1.171000	1708479769	1208152	3893201	3838533	156	324172341	
2.750000	vips	1	1428	36.000000	5.048000	1.090000	1695398402	1320005	3803888	3748893	169	322018488	
2.750000	vips	1	1428	35.000000	5.048000	1.130000	1681167083	1201110	3702538	3648530	118	319694492	
3.500000	vips	1	1479	35.000000	5.048000	1.211000	1699873948	1473327	3782908	3728326	176	321390454	
2.750000	vips	1	1479	35.000000	5.048000	1.171000	1700285861	1469453	3815814	3760957	230	321650344	
2.500000	vips	1	1479	35.000000	5.048000	1.251000	1686352909	1582157	3703098	3648053	149	318717486	
19.500000	x264	1	102	33.000000	5.072000	0.243000	1448698077	1012714	3817185	3746504	243	303407525	
15.000000	x264	1	102	33.000000	5.072000	0.243000	1446059828	1017377	3840853	3771042	204	304045323	
15.250000	x264	1	102	33.000000	5.072000	0.243000	1434457759	1118423	3752821	3682038	249	300979903	
7.000000	x264	1	204	33.000000	5.072000	0.324000	1403665742	1007162	3733990	3674249	166	296139889	
7.250000	x264	1	204	33.000000	5.072000	0.324000	1411708445	1357445	3775625	3715967	165	297088273	
7.500000	x264	1	204	33.000000	5.072000	0.324000	1403749660	1112343	3712607	3652244	177	295554778	
5.000000	x264	1	307	33.000000	5.072000	0.365000	1396674058	1111345	3726760	3668680	125	293723870	
5.500000	x264	1	307	33.000000	5.072000	0.365000	1417648251	999523	3850930	3793402	161	297575858	
5.750000	x264	1	307	33.000000	5.072000	0.365000	1408142905	1354531	3760426	3702299	147	294908626	
5.250000	x264	1	403	33.000000	5.072000	0.405000	1423042289	999906	3866028	3810013	167	296490017	
4.500000	x264	1	403	33.000000	5.072000	0.405000	1414764999	1107351	3753834	3697558	166	293889831	
5.000000	x264	1	403	33.000000	5.072000	0.405000	1420303214	1223439	3820732	3764579	154	295417712	
3.750000	x264	1	518	33.000000	5.072000	0.446000	1413892140	1352138	3712362	3658043	144	291230742	
3.750000	x264	1	518	33.000000	5.072000	0.446000	1429762877	1349872	3784132	3728999	159	294375884	
4.000000	x264	1	518	33.000000	5.072000	0.446000	1416826338	1345327	3718058	3662800	139	291914199	
3.250000	x264	1	614	33.000000	5.072000	0.486000	1422755896	1217262	3674444	3619823	163	290194587	
3.750000	x264	1	614	33.000000	5.072000	0.446000	1437318330	1351827	3791409	3736600	127	293247560	
3.500000	x264	1	614	33.000000	5.072000	0.486000	1427703330	1219496	3668439	3613609	146	290624853	
3.500000	x264	1	710	33.000000	5.072000	0.486000	1447180969	999905	3748886	3694090	162	292149096	
3.000000	x264	1	710	33.000000	5.072000	0.486000	1433409024	1349233	3647248	3593763	117	289494666	
4.750000	x264	1	710	34.000000	5.072000	0.486000	1443679435	1110049	3723223	3668750	130	291684243	
2.750000	x264	1	921	34.000000	5.064000	0.567000	1468002659	1103325	3736562	3683282	142	290770881	
3.000000	x264	1	921	34.000000	5.064000	0.567000	1472967700	997163	3730388	3676169	202	291160711	
3.000000	x264	1	921	34.000000	5.064000	0.567000	1464815174	1102046	3703838	3650515	163	290332613	
3.000000	x264	1	1036	34.000000	5.064000	0.607000	1480785476	994361	3708638	3655583	145	289862679	
2.750000	x264	1	1036	34.000000	5.072000	0.607000	1503709301	1108297	3783516	3730671	120	292623592	
2.500000	x264	1	1036	34.000000	5.064000	0.607000	1488912882	1105672	3739403	3685715	111	291623420	
2.750000	x264	1	1132	34.000000	5.064000	0.648000	1482450543	998723	3673620	3619775	164	289070408	
3.000000	x264	1	1132	34.000000	5.064000	0.648000	1491381378	1352176	3708249	3654779	162	291042200	
2.750000	x264	1	1132	34.000000	5.064000	0.648000	1485032216	1219691	3688439	3634033	142	289622067	
3.000000	x264	1	1224	34.000000	5.064000	0.729000	1509805601	1102763	3759970	3706897	229	291200402	
2.750000	x264	1	1224	34.000000	5.064000	0.729000	1504837041	997084	3735935	3681980	136	290701032	
2.750000	x264	1	1224	34.000000	5.064000	0.729000	1503923823	1221088	3721294	3668055	172	290656846	
2.750000	x264	1	1428	35.000000	5.056000	0.930000	1537850424	1350906	3741173	3688400	169	290770541	
2.750000	x264	1	1428	34.000000	5.056000	0.970000	1538750871	1108076	3745180	3691925	129	290776002	
2.500000	x264	1	1428	34.000000	5.056000	0.930000	1537939293	994903	3739554	3685444	131	290570631	
2.750000	x264	1	1479	34.000000	5.056000	0.970000	1547481938	995910	3806189	3753158	207	292223770	
2.750000	x264	1	1479	35.000000	5.048000	1.009000	1542116997	1221139	3680277	3627526	148	289294451	
2.750000	x264	1	1479	34.000000	5.056000	0.970000	1559204218	1222901	3861299	3807711	482	293916527	
