#Timestamp	Benchmark	Run(#)	CPU Frequency (MHz)	CPU Temperature(C)	Voltage[V]	Power[W]	L1_INSTRUCTION_CACHE_ACCESS	L1_DATA_CACHE_ACCESS	EXCEPTION_TAKEN	BRANCH_MISPREDICTION
1	blackscholes	1	102	27	5.072000	0.202000	581148448	456218424	128273	9113044	Ů	ZĮ	
1	blackscholes	1	102	27	5.072000	0.243000	580203339	456342266	128566	9000689	Ů	ZĮ	
1	blackscholes	1	102	27	5.072000	0.243000	577816506	453392481	128079	8955963	Ů	ZĮ	
1	blackscholes	1	204	28	5.064000	0.364000	568194488	448736623	126899	8549896	Ů	ZĮ	
1	blackscholes	1	204	28	5.064000	0.364000	563647250	444791830	125708	8522246	Ů	ZĮ	
1	blackscholes	1	204	28	5.064000	0.364000	564672906	445722952	125844	8525052	Ů	ZĮ	
1	blackscholes	1	307	27	5.064000	0.445000	561383558	443999220	125901	8359083	Ů	ZĮ	
1	blackscholes	1	307	28	5.064000	0.445000	562632409	445607173	126290	8375495	Ů	ZĮ	
1	blackscholes	1	307	28	5.064000	0.444000	567372694	449448273	126493	8401693	Ů	ZĮ	
1	blackscholes	1	403	28	5.056000	0.526000	558424159	442138252	124966	8303037	Ů	ZĮ	
1	blackscholes	1	403	28	5.056000	0.526000	554463451	438012013	124047	8213559	Ů	ZĮ	
1	blackscholes	1	403	28	5.064000	0.526000	555839865	439126920	124438	8297173	Ů	ZĮ	
1	blackscholes	1	518	28	5.056000	0.566000	552048940	437339651	124338	8152964	Ů	ZĮ	
1	blackscholes	1	518	28	5.056000	0.606000	556254043	439210991	124482	8254314	Ů	ZĮ	
1	blackscholes	1	518	28	5.056000	0.606000	555349576	438923189	124637	8213178	Ů	ZĮ	
1	blackscholes	1	614	28	5.056000	0.647000	552521449	437589802	124357	8095801	Ů	ZĮ	
1	blackscholes	1	614	28	5.056000	0.647000	556529558	440783024	124544	8144638	Ů	ZĮ	
1	blackscholes	1	614	28	5.056000	0.687000	557703818	442245971	125067	8204970	Ů	ZĮ	
1	blackscholes	1	710	28	5.056000	0.728000	554573263	439558573	124490	8176761	Ů	ZĮ	
1	blackscholes	1	710	28	5.056000	0.728000	550656666	434964358	123472	8102614	Ů	ZĮ	
1	blackscholes	1	710	29	5.056000	0.728000	555549227	441037149	124834	8130402	Ů	ZĮ	
1	blackscholes	1	921	28	5.048000	0.848000	551768629	437678169	124053	8050107	Ů	ZĮ	
1	blackscholes	1	921	29	5.048000	0.807000	553374126	438676205	124351	8053945	Ů	ZĮ	
1	blackscholes	1	921	28	5.048000	0.848000	550775989	436114442	123690	8113977	Ů	ZĮ	
1	blackscholes	1	1036	28	5.048000	0.888000	550040194	436044468	123703	7972921	Ů	ZĮ	
1	blackscholes	1	1036	29	5.048000	0.888000	558049384	443071568	124923	8079085	Ů	ZĮ	
1	blackscholes	1	1036	29	5.048000	0.848000	555314604	441209942	124641	8017431	Ů	ZĮ	
1	blackscholes	1	1132	29	5.048000	0.928000	554616670	439895216	124395	8020255	Ů	ZĮ	
1	blackscholes	1	1132	29	5.048000	0.969000	552676616	438560943	124199	7998354	Ů	ZĮ	
1	blackscholes	1	1132	29	5.048000	0.888000	553137385	437904226	123912	8002133	Ů	ZĮ	
1	blackscholes	1	1224	29	5.048000	1.049000	555573359	439643166	124759	8070284	Ů	ZĮ	
1	blackscholes	1	1224	29	5.048000	1.090000	559810383	444437183	125756	8114752	Ů	ZĮ	
1	blackscholes	1	1224	29	5.048000	1.009000	551110660	437382323	123879	7966265	Ů	ZĮ	
1	blackscholes	1	1428	30	5.032000	1.408000	552459839	438307877	124161	7954104	Ů	ZĮ	
1	blackscholes	1	1428	30	5.032000	1.368000	552614446	438882982	124404	7986498	Ů	ZĮ	
1	blackscholes	1	1428	29	5.040000	1.370000	550496628	436953004	123881	7952170	Ů	ZĮ	
1	blackscholes	1	1479	30	5.032000	1.408000	554443703	441391373	124856	7966906	Ů	ZĮ	
1	blackscholes	1	1479	30	5.032000	1.408000	559564839	443818558	125386	8054461	Ů	ZĮ	
1	blackscholes	1	1479	30	5.032000	1.449000	548629142	435128983	123471	7957637	Ů	ZĮ	
1	bodytrack	1	102	28	5.072000	0.243000	690259526	546866093	133870	9339461	Ů	ZĮ	
1	bodytrack	1	102	27	5.072000	0.243000	688335081	544590851	133026	9365867	Ů	ZĮ	
1	bodytrack	1	102	27	5.072000	0.243000	687533742	543963897	133272	9300037	Ů	ZĮ	
1	bodytrack	1	204	27	5.072000	0.324000	678686251	539347211	131505	8879381	Ů	ZĮ	
1	bodytrack	1	204	27	5.072000	0.324000	669881044	532105887	129995	8807982	Ů	ZĮ	
1	bodytrack	1	204	28	5.072000	0.324000	677346734	537776969	131376	8923364	Ů	ZĮ	
1	bodytrack	1	307	27	5.072000	0.364000	669073400	531426497	130236	8675793	Ů	ZĮ	
1	bodytrack	1	307	28	5.072000	0.364000	670233860	532829899	130056	8658941	Ů	ZĮ	
1	bodytrack	1	307	27	5.072000	0.364000	669954927	533078459	130313	8713383	Ů	ZĮ	
1	bodytrack	1	403	27	5.064000	0.405000	669259804	533316255	130279	8618348	Ů	ZĮ	
1	bodytrack	1	403	28	5.072000	0.405000	668047229	532299945	129755	8571792	Ů	ZĮ	
1	bodytrack	1	403	28	5.064000	0.405000	669775754	534161748	130544	8585229	Ů	ZĮ	
1	bodytrack	1	518	28	5.048000	0.686000	663828312	528176157	128922	8570580	Ů	ZĮ	
1	bodytrack	1	518	28	5.064000	0.486000	669091152	532591880	130286	8638197	Ů	ZĮ	
1	bodytrack	1	518	28	5.064000	0.486000	666967853	531045867	129882	8501037	Ů	ZĮ	
1	bodytrack	1	614	28	5.064000	0.526000	661088076	525614659	128763	8455594	Ů	ZĮ	
1	bodytrack	1	614	28	5.064000	0.526000	668175924	533168237	130356	8482392	Ů	ZĮ	
1	bodytrack	1	614	27	5.064000	0.526000	663067194	528372619	129026	8440210	Ů	ZĮ	
1	bodytrack	1	710	28	5.064000	0.567000	661174932	526454132	128548	8472560	Ů	ZĮ	
1	bodytrack	1	710	28	5.056000	0.566000	662037193	527461255	128895	8411248	Ů	ZĮ	
1	bodytrack	1	710	27	5.064000	0.567000	663166097	528320124	128948	8427444	Ů	ZĮ	
1	bodytrack	1	921	28	5.056000	0.728000	665801279	531882317	129969	8407553	Ů	ZĮ	
1	bodytrack	1	921	28	5.056000	0.728000	663087576	528906737	129537	8439290	Ů	ZĮ	
1	bodytrack	1	921	28	5.056000	0.768000	662397148	528143137	128949	8414191	Ů	ZĮ	
1	bodytrack	1	1036	28	5.048000	0.849000	658723960	524393914	128753	8341135	Ů	ZĮ	
1	bodytrack	1	1036	28	5.048000	0.848000	658556230	524721208	128349	8300900	Ů	ZĮ	
1	bodytrack	1	1036	27	5.048000	0.808000	663368253	530181033	129466	8304087	Ů	ZĮ	
1	bodytrack	1	1132	28	5.048000	0.888000	659262018	526392361	128956	8301742	Ů	ZĮ	
1	bodytrack	1	1132	28	5.056000	0.849000	666781866	531670663	129648	8364657	Ů	ZĮ	
1	bodytrack	1	1132	27	5.056000	0.849000	661125656	525624986	128617	8296726	Ů	ZĮ	
1	bodytrack	1	1224	28	5.048000	0.969000	659007287	525073633	128316	8301536	Ů	ZĮ	
1	bodytrack	1	1224	28	5.048000	0.969000	660011652	526452992	128892	8278603	Ů	ZĮ	
1	bodytrack	1	1224	29	5.040000	0.967000	666899284	532291872	129651	8411707	Ů	ZĮ	
1	bodytrack	1	1428	28	5.048000	1.171000	661098062	526981255	128737	8277188	Ů	ZĮ	
1	bodytrack	1	1428	28	5.040000	1.209000	662962176	529666800	129665	8310054	Ů	ZĮ	
1	bodytrack	1	1428	29	5.040000	1.209000	662869310	528256012	129277	8263338	Ů	ZĮ	
1	bodytrack	1	1479	28	5.040000	1.290000	657223799	524302705	128185	8307488	Ů	ZĮ	
1	bodytrack	1	1479	28	5.040000	1.290000	660745171	526938298	128983	8316901	Ů	ZĮ	
1	bodytrack	1	1479	29	5.040000	1.249000	662175978	528068803	128853	8342334	Ů	ZĮ	
1	dedup	1	102	27	5.072000	0.243000	587197156	463959567	130376	8999795	Ů	ZĮ	
1	dedup	1	102	27	5.072000	0.243000	583321155	460461587	129945	8970474	Ů	ZĮ	
1	dedup	1	102	27	5.072000	0.243000	585529200	462538284	129699	8942574	Ů	ZĮ	
1	dedup	1	204	27	5.064000	0.324000	574611279	454976167	127800	8667935	Ů	ZĮ	
1	dedup	1	204	27	5.064000	0.324000	566735647	448066151	126714	8522525	Ů	ZĮ	
1	dedup	1	204	27	5.064000	0.364000	568095895	448685188	127051	8523679	Ů	ZĮ	
1	dedup	1	307	28	5.064000	0.445000	565428689	448479692	126300	8373454	Ů	ZĮ	
1	dedup	1	307	27	5.064000	0.445000	566232775	448288409	125938	8413322	Ů	ZĮ	
1	dedup	1	307	27	5.064000	0.445000	563088559	445583265	125712	8390170	Ů	ZĮ	
1	dedup	1	403	28	5.056000	0.525000	566951277	450066696	126680	8288279	Ů	ZĮ	
1	dedup	1	403	28	5.064000	0.486000	563210326	447114241	126057	8313809	Ů	ZĮ	
1	dedup	1	403	27	5.056000	0.525000	563305693	446386385	125687	8345875	Ů	ZĮ	
1	dedup	1	518	28	5.056000	0.606000	560957385	445244768	125936	8231037	Ů	ZĮ	
1	dedup	1	518	28	5.056000	0.606000	562232052	445235092	125845	8261963	Ů	ZĮ	
1	dedup	1	518	28	5.056000	0.606000	559587697	443810096	125477	8217322	Ů	ZĮ	
1	dedup	1	614	28	5.056000	0.647000	556700382	442130336	125349	8182127	Ů	ZĮ	
1	dedup	1	614	28	5.056000	0.687000	556479471	441506024	124593	8178634	Ů	ZĮ	
1	dedup	1	614	28	5.056000	0.726000	555399750	440437731	125158	8164726	Ů	ZĮ	
1	dedup	1	710	28	5.048000	0.726000	558289486	443289572	125280	8156531	Ů	ZĮ	
1	dedup	1	710	28	5.056000	0.768000	560961503	447057526	125974	8122598	Ů	ZĮ	
1	dedup	1	710	28	5.048000	0.768000	560030332	444931265	125487	8088958	Ů	ZĮ	
1	dedup	1	921	28	5.048000	0.807000	555184205	440658809	124796	8081592	Ů	ZĮ	
1	dedup	1	921	28	5.048000	0.807000	553014425	437894399	123822	8077367	Ů	ZĮ	
1	dedup	1	921	28	5.056000	0.808000	555234154	441055845	125060	8029485	Ů	ZĮ	
1	dedup	1	1036	28	5.048000	0.888000	552921164	438117094	123782	8026008	Ů	ZĮ	
1	dedup	1	1036	28	5.048000	0.888000	553997732	439733185	124452	8074430	Ů	ZĮ	
1	dedup	1	1036	28	5.048000	0.928000	566744793	448654758	126333	8119086	Ů	ZĮ	
1	dedup	1	1132	28	5.048000	0.969000	556863730	443103106	125189	8069282	Ů	ZĮ	
1	dedup	1	1132	28	5.048000	0.888000	556239143	442249102	125057	8044966	Ů	ZĮ	
1	dedup	1	1132	28	5.048000	0.969000	557846675	442636228	125010	8109945	Ů	ZĮ	
1	dedup	1	1224	28	5.040000	1.048000	565776694	449765436	126573	8127713	Ů	ZĮ	
1	dedup	1	1224	28	5.040000	1.088000	556328326	442299009	124950	8053681	Ů	ZĮ	
1	dedup	1	1224	28	5.048000	1.088000	557136221	442374689	124997	8119300	Ů	ZĮ	
1	dedup	1	1428	28	5.032000	1.408000	554370532	441051302	124652	7936977	Ů	ZĮ	
1	dedup	1	1428	29	5.032000	1.368000	556330640	442579101	125198	7984074	Ů	ZĮ	
1	dedup	1	1428	28	5.032000	1.328000	554890336	440682137	124564	8064745	Ů	ZĮ	
1	dedup	1	1479	29	5.032000	1.489000	557426190	443372531	125506	8026079	Ů	ZĮ	
1	dedup	1	1479	28	5.032000	1.449000	558214741	444128960	125415	7948593	Ů	ZĮ	
1	dedup	1	1479	29	5.032000	1.408000	555732037	440687841	124532	7991382	Ů	ZĮ	
1	ferret	1	102	27	5.072000	0.243000	594419578	467744963	129974	9103959	Ů	ZĮ	
1	ferret	1	102	27	5.072000	0.243000	587137374	461305070	128990	9079194	Ů	ZĮ	
1	ferret	1	102	27	5.072000	0.243000	583777560	458614418	128064	9056847	Ů	ZĮ	
1	ferret	1	204	27	5.072000	0.324000	575086878	452752771	126884	8687595	Ů	ZĮ	
1	ferret	1	204	27	5.072000	0.324000	576988939	454568428	126973	8711104	Ů	ZĮ	
1	ferret	1	204	27	5.072000	0.324000	576171033	454422263	126823	8790586	Ů	ZĮ	
1	ferret	1	307	27	5.072000	0.365000	569459160	450046321	125819	8498738	Ů	ZĮ	
1	ferret	1	307	27	5.064000	0.364000	569637975	449695241	125767	8524517	Ů	ZĮ	
1	ferret	1	307	27	5.072000	0.365000	571814101	451016263	125870	8547702	Ů	ZĮ	
1	ferret	1	403	27	5.072000	0.365000	567750608	449272014	125765	8433531	Ů	ZĮ	
1	ferret	1	403	28	5.072000	0.405000	568711876	449336613	126034	8458998	Ů	ZĮ	
1	ferret	1	403	27	5.072000	0.405000	574507180	455308693	127473	8451469	Ů	ZĮ	
1	ferret	1	518	28	5.072000	0.446000	565433282	448119676	125850	8321636	Ů	ZĮ	
1	ferret	1	518	28	5.072000	0.446000	569503874	450158211	125869	8415091	Ů	ZĮ	
1	ferret	1	518	27	5.072000	0.446000	574376381	455569210	127046	8527398	Ů	ZĮ	
1	ferret	1	614	28	5.072000	0.486000	566128221	447952007	125670	8351886	Ů	ZĮ	
1	ferret	1	614	28	5.072000	0.486000	565102676	447202487	125048	8331851	Ů	ZĮ	
1	ferret	1	614	27	5.072000	0.486000	565253331	447770058	125410	8323073	Ů	ZĮ	
1	ferret	1	710	28	5.064000	0.526000	565533155	447769695	125247	8288128	Ů	ZĮ	
1	ferret	1	710	28	5.072000	0.486000	564341194	446746670	125021	8340578	Ů	ZĮ	
1	ferret	1	710	28	5.072000	0.527000	565862554	447417217	125202	8373012	Ů	ZĮ	
1	ferret	1	921	28	5.064000	0.567000	563936796	446044677	124763	8337396	Ů	ZĮ	
1	ferret	1	921	28	5.064000	0.567000	561830706	443922878	124395	8327693	Ů	ZĮ	
1	ferret	1	921	28	5.064000	0.567000	563787496	446962550	125621	8218056	Ů	ZĮ	
1	ferret	1	1036	28	5.064000	0.729000	564625567	447088635	125036	8281557	Ů	ZĮ	
1	ferret	1	1036	28	5.064000	0.688000	562213486	444319338	124429	8225565	Ů	ZĮ	
1	ferret	1	1036	28	5.064000	0.688000	563069098	445003876	124792	8234368	Ů	ZĮ	
1	ferret	1	1132	28	5.064000	0.648000	561587582	443865120	124381	8212267	Ů	ZĮ	
1	ferret	1	1132	28	5.064000	0.688000	558819991	442034716	124376	8183499	Ů	ZĮ	
1	ferret	1	1132	28	5.064000	0.648000	560340608	442999137	124279	8199832	Ů	ZĮ	
1	ferret	1	1224	28	5.064000	0.729000	558656022	441497690	124245	8156775	Ů	ZĮ	
1	ferret	1	1224	28	5.064000	0.729000	564989576	446383358	125150	8223180	Ů	ZĮ	
1	ferret	1	1224	28	5.064000	0.728000	563655058	447423609	125239	8141309	Ů	ZĮ	
1	ferret	1	1428	29	5.056000	0.889000	561396361	445063142	124839	8118006	Ů	ZĮ	
1	ferret	1	1428	29	5.056000	0.930000	558444096	442257942	123931	8125002	Ů	ZĮ	
1	ferret	1	1428	29	5.056000	0.930000	562289533	445790442	125071	8113767	Ů	ZĮ	
1	ferret	1	1479	29	5.056000	0.970000	558946891	442090931	124207	8133287	Ů	ZĮ	
1	ferret	1	1479	28	5.056000	1.011000	559989703	443429478	124316	8146896	Ů	ZĮ	
1	ferret	1	1479	29	5.056000	0.970000	559895432	442977883	124479	8118730	Ů	ZĮ	
1	fluidanimate	1	102	28	5.072000	0.243000	600758651	472995261	129311	9261901	Ů	ZĮ	
1	fluidanimate	1	102	28	5.072000	0.243000	598702476	471110013	129259	9263226	Ů	ZĮ	
1	fluidanimate	1	102	28	5.072000	0.243000	604189841	475617945	130423	9235500	Ů	ZĮ	
1	fluidanimate	1	204	28	5.064000	0.364000	590281952	466004032	127626	8876060	Ů	ZĮ	
1	fluidanimate	1	204	28	5.064000	0.324000	588202879	464852142	126858	8823795	Ů	ZĮ	
1	fluidanimate	1	204	27	5.072000	0.324000	590975609	465975659	127930	8974813	Ů	ZĮ	
1	fluidanimate	1	307	27	5.064000	0.445000	586050905	462788297	126973	8745456	Ů	ZĮ	
1	fluidanimate	1	307	27	5.064000	0.405000	583407603	460816797	126910	8697282	Ů	ZĮ	
1	fluidanimate	1	307	27	5.064000	0.405000	590346587	468127618	128143	8736877	Ů	ZĮ	
1	fluidanimate	1	403	27	5.064000	0.526000	578081047	457605925	125894	8549482	Ů	ZĮ	
1	fluidanimate	1	403	27	5.064000	0.486000	584293096	462394897	127220	8624543	Ů	ZĮ	
1	fluidanimate	1	403	27	5.064000	0.486000	590992804	468539587	128000	8684518	Ů	ZĮ	
1	fluidanimate	1	518	27	5.056000	0.606000	579422407	458889778	126121	8489377	Ů	ZĮ	
1	fluidanimate	1	518	27	5.056000	0.566000	581666004	460968407	126679	8489366	Ů	ZĮ	
1	fluidanimate	1	518	28	5.056000	0.606000	577188730	457372881	125732	8508638	Ů	ZĮ	
1	fluidanimate	1	614	27	5.056000	0.647000	580189041	460500401	126553	8468395	Ů	ZĮ	
1	fluidanimate	1	614	27	5.056000	0.606000	578983334	458358441	125858	8568843	Ů	ZĮ	
1	fluidanimate	1	614	27	5.056000	0.647000	580432018	459473759	126231	8481223	Ů	ZĮ	
1	fluidanimate	1	710	27	5.048000	0.807000	580696840	461128295	126531	8411134	Ů	ZĮ	
1	fluidanimate	1	710	28	5.056000	0.808000	578495883	458833303	125832	8421491	Ů	ZĮ	
1	fluidanimate	1	710	27	5.056000	0.808000	578555720	457697952	125864	8458541	Ů	ZĮ	
1	fluidanimate	1	921	27	5.056000	0.807000	580029884	460771267	126652	8423027	Ů	ZĮ	
1	fluidanimate	1	921	27	5.056000	0.768000	575347554	455989425	125898	8363000	Ů	ZĮ	
1	fluidanimate	1	921	27	5.040000	0.887000	581855377	461583844	126727	8461472	Ů	ZĮ	
1	fluidanimate	1	1036	28	5.048000	0.848000	578803790	459977378	126382	8352948	Ů	ZĮ	
1	fluidanimate	1	1036	28	5.048000	0.807000	585828733	465658231	127362	8514076	Ů	ZĮ	
1	fluidanimate	1	1036	28	5.048000	0.969000	580393538	460156690	126203	8333538	Ů	ZĮ	
1	fluidanimate	1	1132	27	5.048000	0.928000	573299260	454800341	124839	8327964	Ů	ZĮ	
1	fluidanimate	1	1132	28	5.048000	1.009000	577587484	458671512	126393	8364239	Ů	ZĮ	
1	fluidanimate	1	1132	28	5.048000	0.969000	578121691	456668271	125863	8427002	Ů	ZĮ	
1	fluidanimate	1	1224	28	5.040000	1.088000	575182917	455457158	125200	8354681	Ů	ZĮ	
1	fluidanimate	1	1224	28	5.048000	1.049000	578699953	458680313	125957	8334415	Ů	ZĮ	
1	fluidanimate	1	1224	27	5.048000	1.048000	580010897	460226562	126495	8386276	Ů	ZĮ	
1	fluidanimate	1	1428	29	5.032000	1.368000	575634283	456490596	125463	8258557	Ů	ZĮ	
1	fluidanimate	1	1428	29	5.032000	1.328000	575408629	455943320	125513	8287195	Ů	ZĮ	
1	fluidanimate	1	1428	29	5.040000	1.330000	574945719	454998850	125368	8330937	Ů	ZĮ	
1	fluidanimate	1	1479	28	5.032000	1.408000	576065331	456809622	125330	8260959	Ů	ZĮ	
1	fluidanimate	1	1479	29	5.032000	1.408000	578360845	458855247	125714	8371809	Ů	ZĮ	
1	fluidanimate	1	1479	28	5.032000	1.368000	577157393	457585041	125389	8380449	Ů	ZĮ	
1	freqmine	1	102	27	5.072000	0.243000	591948638	463261372	129185	9314330	Ů	ZĮ	
1	freqmine	1	102	27	5.072000	0.243000	592431090	464239245	129578	9380802	Ů	ZĮ	
1	freqmine	1	102	27	5.072000	0.243000	589628832	461915395	129116	9254099	Ů	ZĮ	
1	freqmine	1	204	27	5.072000	0.324000	576095651	452038512	126564	8868524	Ů	ZĮ	
1	freqmine	1	204	27	5.064000	0.324000	575109579	451562212	126315	8862558	Ů	ZĮ	
1	freqmine	1	204	27	5.072000	0.324000	580168464	455010996	127307	8858349	Ů	ZĮ	
1	freqmine	1	307	27	5.056000	0.404000	572190334	450677844	126082	8738995	Ů	ZĮ	
1	freqmine	1	307	27	5.064000	0.405000	571395851	448899495	125578	8723751	Ů	ZĮ	
1	freqmine	1	307	27	5.064000	0.405000	577422131	452989157	126877	8677229	Ů	ZĮ	
1	freqmine	1	403	28	5.064000	0.486000	567132381	447437147	125393	8547310	Ů	ZĮ	
1	freqmine	1	403	28	5.064000	0.445000	570435368	449915892	125727	8565732	Ů	ZĮ	
1	freqmine	1	403	28	5.064000	0.486000	571623550	450545158	125786	8600187	Ů	ZĮ	
1	freqmine	1	518	28	5.064000	0.526000	572640744	451464527	125899	8521140	Ů	ZĮ	
1	freqmine	1	518	28	5.056000	0.566000	571564252	451817739	126314	8516195	Ů	ZĮ	
1	freqmine	1	518	28	5.056000	0.566000	568429631	448425817	125446	8533833	Ů	ZĮ	
1	freqmine	1	614	28	5.056000	0.606000	569592442	449983686	125851	8494762	Ů	ZĮ	
1	freqmine	1	614	28	5.056000	0.647000	570470354	449966512	126023	8524120	Ů	ZĮ	
1	freqmine	1	614	28	5.056000	0.606000	565569069	445433577	124726	8483760	Ů	ZĮ	
1	freqmine	1	710	28	5.056000	0.768000	566122368	446873775	125091	8482303	Ů	ZĮ	
1	freqmine	1	710	28	5.056000	0.728000	563566086	443300480	123995	8412982	Ů	ZĮ	
1	freqmine	1	710	28	5.056000	0.768000	569517485	449604798	125631	8503083	Ů	ZĮ	
1	freqmine	1	921	28	5.056000	0.808000	567221437	447654987	125189	8408111	Ů	ZĮ	
1	freqmine	1	921	28	5.048000	0.848000	563970042	444263458	124389	8425491	Ů	ZĮ	
1	freqmine	1	921	28	5.048000	0.848000	565765316	447035769	125190	8422814	Ů	ZĮ	
1	freqmine	1	1036	29	5.040000	0.846000	566910973	447151508	124807	8458303	Ů	ZĮ	
1	freqmine	1	1036	28	5.048000	0.888000	565383261	445821666	124602	8370950	Ů	ZĮ	
1	freqmine	1	1036	28	5.048000	0.807000	563328727	444189042	124460	8435951	Ů	ZĮ	
1	freqmine	1	1132	28	5.040000	0.927000	566467447	447134415	125075	8391182	Ů	ZĮ	
1	freqmine	1	1132	28	5.048000	0.928000	565923159	445190966	124451	8374803	Ů	ZĮ	
1	freqmine	1	1132	28	5.048000	0.969000	564271044	444998057	124472	8338924	Ů	ZĮ	
1	freqmine	1	1224	28	5.040000	1.088000	567097155	447390967	125072	8393576	Ů	ZĮ	
1	freqmine	1	1224	28	5.048000	1.090000	564492800	445013854	124928	8371260	Ů	ZĮ	
1	freqmine	1	1224	28	5.048000	1.049000	564303279	444555166	124635	8378077	Ů	ZĮ	
1	freqmine	1	1428	28	5.040000	1.368000	567701427	447489774	124807	8414981	Ů	ZĮ	
1	freqmine	1	1428	29	5.040000	1.249000	564225603	445494664	124552	8296859	Ů	ZĮ	
1	freqmine	1	1428	29	5.040000	1.290000	565238278	446512594	124868	8379473	Ů	ZĮ	
1	freqmine	1	1479	29	5.032000	1.368000	566600240	447589429	124997	8295888	Ů	ZĮ	
1	freqmine	1	1479	30	5.032000	1.368000	565404362	446505556	125218	8305885	Ů	ZĮ	
1	freqmine	1	1479	29	5.032000	1.408000	562706190	444387724	124795	8322011	Ů	ZĮ	
1	streamcluster	1	102	27	5.072000	0.243000	578582682	456353327	128442	8957578	Ů	ZĮ	
1	streamcluster	1	102	27	5.072000	0.243000	573839497	452078006	127506	8877864	Ů	ZĮ	
1	streamcluster	1	102	27	5.072000	0.243000	575404178	453061047	128104	8876307	Ů	ZĮ	
1	streamcluster	1	204	28	5.064000	0.364000	563772319	446333696	125562	8456919	Ů	ZĮ	
1	streamcluster	1	204	28	5.064000	0.364000	557024599	440166296	124322	8389946	Ů	ZĮ	
1	streamcluster	1	204	28	5.064000	0.364000	558145412	440391390	124194	8475203	Ů	ZĮ	
1	streamcluster	1	307	28	5.064000	0.445000	556016614	440024463	124042	8277222	Ů	ZĮ	
1	streamcluster	1	307	28	5.064000	0.445000	554522631	439098181	123851	8241677	Ů	ZĮ	
1	streamcluster	1	307	28	5.064000	0.445000	558614095	442842775	124436	8272424	Ů	ZĮ	
1	streamcluster	1	403	28	5.056000	0.525000	553206546	437494256	123444	8195716	Ů	ZĮ	
1	streamcluster	1	403	28	5.056000	0.525000	552973787	437114670	123558	8207656	Ů	ZĮ	
1	streamcluster	1	403	28	5.064000	0.486000	556364787	441800764	124337	8151324	Ů	ZĮ	
1	streamcluster	1	518	28	5.056000	0.566000	554980489	439455303	123853	8107637	Ů	ZĮ	
1	streamcluster	1	518	28	5.056000	0.566000	559980416	444708043	124717	8155655	Ů	ZĮ	
1	streamcluster	1	518	28	5.056000	0.566000	559814639	445403242	125414	8184781	Ů	ZĮ	
1	streamcluster	1	614	28	5.056000	0.687000	553333993	439168126	123760	8162885	Ů	ZĮ	
1	streamcluster	1	614	28	5.056000	0.647000	550862889	437113627	123295	8078511	Ů	ZĮ	
1	streamcluster	1	614	28	5.056000	0.647000	546872109	433648419	122608	8073783	Ů	ZĮ	
1	streamcluster	1	710	28	5.056000	0.687000	557723852	442695756	124518	8124931	Ů	ZĮ	
1	streamcluster	1	710	29	5.056000	0.728000	554702151	440543485	123828	8114045	Ů	ZĮ	
1	streamcluster	1	710	28	5.056000	0.728000	548593034	433573977	122803	8047694	Ů	ZĮ	
1	streamcluster	1	921	29	5.056000	0.807000	551130820	436686887	123221	8005499	Ů	ZĮ	
1	streamcluster	1	921	29	5.048000	0.807000	550299549	436652023	123044	7968974	Ů	ZĮ	
1	streamcluster	1	921	29	5.048000	0.928000	552485664	438489042	123395	8030373	Ů	ZĮ	
1	streamcluster	1	1036	29	5.040000	1.008000	552194634	437314475	123128	8188877	Ů	ZĮ	
1	streamcluster	1	1036	29	5.056000	0.848000	550667598	436605449	123010	7993639	Ů	ZĮ	
1	streamcluster	1	1036	29	5.048000	0.888000	553092306	439757827	123695	7965189	Ů	ZĮ	
1	streamcluster	1	1132	29	5.040000	0.887000	548429848	436321566	123515	7918239	Ů	ZĮ	
1	streamcluster	1	1132	28	5.048000	0.848000	552544497	438613297	123697	7991609	Ů	ZĮ	
1	streamcluster	1	1132	29	5.048000	0.928000	544831747	432814605	122273	7919219	Ů	ZĮ	
1	streamcluster	1	1224	29	5.048000	1.090000	558277583	443959778	124854	8094638	Ů	ZĮ	
1	streamcluster	1	1224	29	5.048000	1.049000	545778048	432814208	122511	7943800	Ů	ZĮ	
1	streamcluster	1	1224	29	5.048000	1.049000	550789631	437307024	123618	7928256	Ů	ZĮ	
1	streamcluster	1	1428	29	5.040000	1.249000	548850899	436419741	123493	7895223	Ů	ZĮ	
1	streamcluster	1	1428	29	5.040000	1.290000	548829329	435843649	122869	7961046	Ů	ZĮ	
1	streamcluster	1	1428	30	5.040000	1.290000	550778528	437023048	123307	7931579	Ů	ZĮ	
1	streamcluster	1	1479	29	5.040000	1.330000	547730299	435305667	122902	7879093	Ů	ZĮ	
1	streamcluster	1	1479	29	5.040000	1.290000	548525231	435450093	122756	7873792	Ů	ZĮ	
1	streamcluster	1	1479	29	5.040000	1.330000	551149454	437165963	123271	7907046	Ů	ZĮ	
1	vips	1	102	28	5.072000	0.243000	636377587	507966806	130264	9148268	Ů	ZĮ	
1	vips	1	102	28	5.072000	0.202000	633006770	506273059	130571	9130824	Ů	ZĮ	
1	vips	1	102	27	5.072000	0.243000	630192586	502204395	129809	9162423	Ů	ZĮ	
1	vips	1	204	28	5.072000	0.324000	616081488	494044464	127459	8657520	Ů	ZĮ	
1	vips	1	204	28	5.072000	0.324000	617120065	493180268	127075	8794642	Ů	ZĮ	
1	vips	1	204	27	5.072000	0.324000	620860900	496737595	128358	8792938	Ů	ZĮ	
1	vips	1	307	28	5.072000	0.365000	615139191	493104010	126832	8605540	Ů	ZĮ	
1	vips	1	307	28	5.072000	0.365000	609396146	488903894	125954	8521177	Ů	ZĮ	
1	vips	1	307	28	5.072000	0.365000	609803320	489843115	126599	8574916	Ů	ZĮ	
1	vips	1	403	28	5.072000	0.405000	608987370	489027225	126092	8441956	Ů	ZĮ	
1	vips	1	403	28	5.072000	0.405000	608470450	488937725	126441	8418586	Ů	ZĮ	
1	vips	1	403	28	5.072000	0.405000	607015079	488237824	125785	8402093	Ů	ZĮ	
1	vips	1	518	28	5.072000	0.446000	606744884	488528059	125959	8449616	Ů	ZĮ	
1	vips	1	518	28	5.072000	0.446000	607815365	488781738	125897	8359341	Ů	ZĮ	
1	vips	1	518	28	5.072000	0.445000	603097917	483677569	125016	8328864	Ů	ZĮ	
1	vips	1	614	28	5.072000	0.486000	607098261	487700408	125770	8346924	Ů	ZĮ	
1	vips	1	614	28	5.072000	0.526000	600924805	483710685	125472	8280201	Ů	ZĮ	
1	vips	1	614	29	5.072000	0.486000	607167144	487818973	125799	8310883	Ů	ZĮ	
1	vips	1	710	28	5.064000	0.567000	604999612	486561171	125949	8309201	Ů	ZĮ	
1	vips	1	710	28	5.064000	0.607000	603761346	486327928	125364	8258099	Ů	ZĮ	
1	vips	1	710	28	5.064000	0.607000	604482155	485372180	125364	8390860	Ů	ZĮ	
1	vips	1	921	29	5.064000	0.648000	607502005	490407893	126753	8228146	Ů	ZĮ	
1	vips	1	921	28	5.064000	0.648000	603746942	485433306	125100	8258183	Ů	ZĮ	
1	vips	1	921	29	5.064000	0.648000	605119566	487488075	125841	8254271	Ů	ZĮ	
1	vips	1	1036	29	5.064000	0.688000	605011811	488139247	125733	8215694	Ů	ZĮ	
1	vips	1	1036	29	5.064000	0.729000	602334109	484687341	125182	8189347	Ů	ZĮ	
1	vips	1	1036	28	5.064000	0.688000	604571055	486282983	125737	8322468	Ů	ZĮ	
1	vips	1	1132	28	5.064000	0.729000	611069182	492296120	126791	8264313	Ů	ZĮ	
1	vips	1	1132	29	5.056000	0.768000	602723902	485694695	125375	8235636	Ů	ZĮ	
1	vips	1	1132	28	5.064000	0.769000	603991923	486565511	125293	8195341	Ů	ZĮ	
1	vips	1	1224	29	5.048000	0.848000	604792139	484649722	125104	8254772	Ů	ZĮ	
1	vips	1	1224	29	5.056000	0.849000	602175727	484853840	124972	8161289	Ů	ZĮ	
1	vips	1	1224	29	5.056000	0.849000	602248304	485184830	125573	8120622	Ů	ZĮ	
1	vips	1	1428	31	5.048000	1.130000	607057139	488643346	125673	8270008	Ů	ZĮ	
1	vips	1	1428	30	5.048000	1.090000	603964600	486851509	125221	8221741	Ů	ZĮ	
1	vips	1	1428	30	5.048000	1.090000	607278314	488933660	125989	8205434	Ů	ZĮ	
1	vips	1	1479	30	5.048000	1.171000	604583097	485399940	125328	8185205	Ů	ZĮ	
1	vips	1	1479	30	5.048000	1.171000	601773500	483667708	124726	8153333	Ů	ZĮ	
1	vips	1	1479	29	5.048000	1.171000	599178787	482671551	124609	8123574	Ů	ZĮ	
1	x264	1	102	28	5.072000	0.243000	576089895	452287463	127826	8959093	Ů	ZĮ	
1	x264	1	102	28	5.072000	0.243000	573678375	450806983	127325	8970861	Ů	ZĮ	
1	x264	1	102	28	5.072000	0.243000	573480273	450485260	127384	8861434	Ů	ZĮ	
1	x264	1	204	28	5.072000	0.324000	563490134	444894171	125532	8519160	Ů	ZĮ	
1	x264	1	204	28	5.072000	0.324000	572052729	452876330	127533	8633391	Ů	ZĮ	
1	x264	1	204	28	5.072000	0.324000	563548772	444218803	125842	8589572	Ů	ZĮ	
1	x264	1	307	28	5.072000	0.365000	560637462	442324655	125048	8392218	Ů	ZĮ	
1	x264	1	307	29	5.072000	0.365000	565844046	447755009	126526	8393785	Ů	ZĮ	
1	x264	1	307	29	5.072000	0.365000	563498899	445748945	126356	8497897	Ů	ZĮ	
1	x264	1	403	29	5.072000	0.405000	557714759	441640223	124912	8317435	Ů	ZĮ	
1	x264	1	403	28	5.072000	0.446000	563862304	447511671	126111	8309878	Ů	ZĮ	
1	x264	1	403	28	5.072000	0.405000	560232247	443790072	125576	8268166	Ů	ZĮ	
1	x264	1	518	29	5.072000	0.446000	557427186	441570496	125217	8206442	Ů	ZĮ	
1	x264	1	518	28	5.072000	0.446000	560118162	442314817	125231	8297907	Ů	ZĮ	
1	x264	1	518	28	5.072000	0.446000	562471061	445568509	125501	8211661	Ů	ZĮ	
1	x264	1	614	29	5.072000	0.446000	555569207	440262824	124988	8205660	Ů	ZĮ	
1	x264	1	614	28	5.072000	0.446000	555001853	439544753	124389	8207683	Ů	ZĮ	
1	x264	1	614	29	5.072000	0.486000	562633483	446672051	126131	8263824	Ů	ZĮ	
1	x264	1	710	29	5.072000	0.486000	553385038	438242365	123943	8085050	Ů	ZĮ	
1	x264	1	710	29	5.072000	0.486000	558003491	441358744	125255	8165123	Ů	ZĮ	
1	x264	1	710	29	5.072000	0.486000	555485949	439038288	124366	8162872	Ů	ZĮ	
1	x264	1	921	29	5.064000	0.567000	554608948	439445360	124210	8146528	Ů	ZĮ	
1	x264	1	921	29	5.064000	0.567000	554101023	439521449	124450	8183393	Ů	ZĮ	
1	x264	1	921	29	5.064000	0.567000	553335413	437449015	123897	8107585	Ů	ZĮ	
1	x264	1	1036	29	5.064000	0.769000	554918939	440483266	124494	8075103	Ů	ZĮ	
1	x264	1	1036	29	5.056000	0.768000	551804299	436873363	123820	8084079	Ů	ZĮ	
1	x264	1	1036	29	5.064000	0.768000	551599717	438156773	124095	8011373	Ů	ZĮ	
1	x264	1	1132	29	5.064000	0.688000	561229580	445007920	125469	8129449	Ů	ZĮ	
1	x264	1	1132	29	5.064000	0.648000	553475247	437614438	123985	8080535	Ů	ZĮ	
1	x264	1	1132	30	5.064000	0.648000	556753364	442030951	124775	8127680	Ů	ZĮ	
1	x264	1	1224	30	5.048000	0.928000	555320970	438689732	124161	8118659	Ů	ZĮ	
1	x264	1	1224	30	5.056000	0.849000	557713689	441594944	125091	8243806	Ů	ZĮ	
1	x264	1	1224	30	5.048000	1.009000	557917091	439752125	125167	8369611	Ů	ZĮ	
1	x264	1	1428	30	5.056000	0.970000	558536527	442108665	124743	8286719	Ů	ZĮ	
1	x264	1	1428	30	5.056000	0.930000	552799022	439277381	124289	7982865	Ů	ZĮ	
1	x264	1	1428	30	5.056000	0.930000	547908259	434359263	123247	7959915	Ů	ZĮ	
1	x264	1	1479	31	5.056000	0.970000	552065658	437843625	124230	7975146	Ů	ZĮ	
1	x264	1	1479	30	5.056000	0.970000	553491924	439549936	124572	7976462	Ů	ZĮ	
1	x264	1	1479	31	5.056000	0.970000	553833630	440210173	124359	7978298	Ů	ZĮ	
