Run Duration (ms)	Benchmark	Run(#)	CPU Frequency (MHz)	CPU Temperature(C)	Voltage[V]	Power[W]	CPU_CYCLES	INST_SPEC	TTBR_WRITE_RETIRED	BUS_CYCLES	CHAIN	L1D_CACHE_LD
22.000000	blackscholes	1	102	34.000000	5.072000	0.243000	1455604817	1384803632	1813728	1455589081	0	259538993	
18.000000	blackscholes	1	102	34.000000	5.064000	0.243000	1462549503	1396325052	1815140	1462537925	0	262117075	
24.000000	blackscholes	1	102	34.000000	5.072000	0.243000	1457197344	1389712475	1813660	1457186298	0	260884620	
8.000000	blackscholes	1	204	34.000000	5.056000	0.364000	1418530872	1360529338	1811208	1418521114	0	255687030	
14.000000	blackscholes	1	204	34.000000	5.056000	0.364000	1404263660	1351656487	1807952	1404253531	0	254156905	
8.000000	blackscholes	1	204	35.000000	5.056000	0.364000	1409037207	1351547716	1807188	1409027064	0	254052546	
6.000000	blackscholes	1	307	34.000000	5.056000	0.484000	1428384834	1367152852	1812772	1428375300	0	257452628	
6.000000	blackscholes	1	307	34.000000	5.048000	0.484000	1402691130	1340973891	1805388	1402682247	0	252347910	
6.000000	blackscholes	1	307	34.000000	5.056000	0.485000	1404249203	1343169537	1807484	1404240411	0	252838673	
4.000000	blackscholes	1	403	34.000000	5.048000	0.525000	1403490513	1332781420	1806604	1403481511	0	250765420	
6.000000	blackscholes	1	403	34.000000	5.056000	0.525000	1416701923	1344034516	1807836	1416693313	0	252950977	
4.000000	blackscholes	1	403	34.000000	5.056000	0.485000	1405430889	1335235259	1805252	1405421607	0	251347693	
4.000000	blackscholes	1	518	34.000000	5.048000	0.605000	1416176038	1333126681	1805040	1416167918	0	251122518	
2.000000	blackscholes	1	518	35.000000	5.048000	0.646000	1420603786	1338343956	1808640	1420595491	0	252227101	
4.000000	blackscholes	1	518	35.000000	5.048000	0.605000	1435976193	1349940755	1808828	1435967310	0	254388377	
4.000000	blackscholes	1	614	35.000000	5.048000	0.686000	1429549351	1333545988	1804688	1429541266	0	251050946	
4.000000	blackscholes	1	614	35.000000	5.048000	0.646000	1448161315	1351076684	1810056	1448152404	0	254425548	
2.000000	blackscholes	1	614	35.000000	5.048000	0.686000	1436877031	1338770388	1807524	1436868617	0	252207748	
4.000000	blackscholes	1	710	35.000000	5.048000	0.726000	1443408437	1332298765	1805888	1443400429	0	251065339	
4.000000	blackscholes	1	710	35.000000	5.048000	0.767000	1445306463	1336281821	1808176	1445298420	0	251538303	
2.000000	blackscholes	1	710	35.000000	5.048000	0.726000	1432093316	1320460509	1801720	1432085021	0	248646666	
2.000000	blackscholes	1	921	35.000000	5.040000	0.887000	1461750334	1322134008	1803148	1461742116	0	249253883	
4.000000	blackscholes	1	921	35.000000	5.040000	0.887000	1485658452	1341616544	1808328	1485650136	0	253169464	
2.000000	blackscholes	1	921	35.000000	5.040000	0.887000	1462965620	1321472092	1804412	1462957395	0	249024359	
4.000000	blackscholes	1	1036	35.000000	5.040000	0.927000	1500291987	1343293582	1810440	1500284196	0	253545179	
2.000000	blackscholes	1	1036	35.000000	5.040000	0.967000	1481556523	1324007284	1804316	1481548774	0	249667613	
2.000000	blackscholes	1	1036	35.000000	5.040000	0.927000	1486635165	1324798360	1804460	1486626842	0	249784067	
2.000000	blackscholes	1	1132	35.000000	5.048000	1.008000	1494594258	1332872649	1806992	1494586544	0	251476904	
4.000000	blackscholes	1	1132	35.000000	5.040000	0.967000	1500689683	1333962756	1806680	1500681801	0	251718041	
2.000000	blackscholes	1	1132	35.000000	5.040000	0.927000	1496358128	1328907010	1805564	1496350386	0	250681198	
2.000000	blackscholes	1	1224	35.000000	5.040000	1.128000	1523203825	1343509652	1810516	1523195936	0	253138003	
2.000000	blackscholes	1	1224	35.000000	5.040000	1.088000	1497881354	1319989165	1802844	1497873696	0	248869421	
2.000000	blackscholes	1	1224	35.000000	5.040000	1.088000	1508601340	1329493860	1806464	1508593563	0	250699989	
2.000000	blackscholes	1	1428	36.000000	5.032000	1.288000	1529584140	1324373263	1803960	1529576811	0	249752882	
2.000000	blackscholes	1	1428	36.000000	5.032000	1.408000	1529626702	1322595974	1804032	1529619121	0	249622894	
2.000000	blackscholes	1	1428	36.000000	5.032000	1.328000	1539022800	1329856527	1806612	1539014869	0	251038099	
2.000000	blackscholes	1	1479	36.000000	5.032000	1.449000	1543694577	1330084978	1806792	1543687003	0	250812252	
2.000000	blackscholes	1	1479	36.000000	5.032000	1.449000	1547940301	1331901241	1807992	1547932538	0	251603608	
2.000000	blackscholes	1	1479	36.000000	5.032000	1.449000	1549589275	1334197417	1808992	1549581652	0	251596631	
14.000000	bodytrack	1	102	35.000000	5.064000	0.243000	1696460850	1742703767	1858704	1696446724	0	333910233	
24.000000	bodytrack	1	102	35.000000	5.064000	0.243000	1681334918	1730316635	1854648	1681321961	0	331061185	
18.000000	bodytrack	1	102	35.000000	5.064000	0.243000	1686875505	1734290644	1853916	1686862996	0	332024082	
6.000000	bodytrack	1	204	35.000000	5.072000	0.324000	1637388261	1696061722	1847864	1637377992	0	325268571	
8.000000	bodytrack	1	204	35.000000	5.064000	0.324000	1638693324	1698796680	1847860	1638682796	0	325891494	
8.000000	bodytrack	1	204	35.000000	5.064000	0.324000	1647349155	1709281100	1849728	1647339376	0	328000554	
6.000000	bodytrack	1	307	35.000000	5.064000	0.364000	1634006650	1688748248	1846052	1633997004	0	323915880	
6.000000	bodytrack	1	307	35.000000	5.064000	0.364000	1644121406	1695410445	1847328	1644111193	0	325309908	
4.000000	bodytrack	1	307	35.000000	5.064000	0.364000	1633698724	1687883600	1848264	1633688434	0	324231009	
6.000000	bodytrack	1	403	35.000000	5.064000	0.405000	1648363178	1692064073	1850352	1648353896	0	325165659	
4.000000	bodytrack	1	403	35.000000	5.064000	0.405000	1643745982	1688569934	1847680	1643736434	0	324489821	
6.000000	bodytrack	1	403	35.000000	5.064000	0.445000	1666223429	1710773238	1853380	1666214021	0	328769647	
6.000000	bodytrack	1	518	35.000000	5.064000	0.486000	1657833244	1685966295	1847224	1657823780	0	324043792	
4.000000	bodytrack	1	518	35.000000	5.064000	0.486000	1660653674	1687130962	1849992	1660644042	0	324350784	
4.000000	bodytrack	1	518	35.000000	5.064000	0.486000	1648712397	1673101134	1844692	1648702856	0	321460473	
2.000000	bodytrack	1	614	35.000000	5.064000	0.526000	1672045691	1684148530	1848152	1672037109	0	323776784	
4.000000	bodytrack	1	614	35.000000	5.064000	0.526000	1660014210	1677816226	1845592	1660005369	0	321971264	
2.000000	bodytrack	1	614	35.000000	5.064000	0.526000	1675791893	1690652558	1847964	1675783024	0	324653136	
2.000000	bodytrack	1	710	35.000000	5.056000	0.566000	1681221039	1679968025	1847552	1681212219	0	323003738	
4.000000	bodytrack	1	710	35.000000	5.056000	0.566000	1702031728	1699984558	1850532	1702023272	0	326943336	
2.000000	bodytrack	1	710	35.000000	5.056000	0.566000	1692233111	1690120305	1850468	1692224690	0	325076401	
2.000000	bodytrack	1	921	35.000000	5.048000	0.726000	1706080049	1671565580	1846420	1706070949	0	321511319	
4.000000	bodytrack	1	921	35.000000	5.056000	0.726000	1726352989	1692320352	1850456	1726344134	0	325394661	
2.000000	bodytrack	1	921	35.000000	5.056000	0.687000	1709474983	1675390153	1844992	1709466730	0	322091031	
4.000000	bodytrack	1	1036	36.000000	5.048000	0.848000	1725806549	1675936046	1846132	1725798030	0	322197370	
4.000000	bodytrack	1	1036	36.000000	5.048000	0.807000	1728536849	1677295375	1845240	1728527672	0	322446294	
2.000000	bodytrack	1	1036	35.000000	5.048000	0.848000	1727924787	1675158308	1845120	1727916296	0	322173796	
4.000000	bodytrack	1	1132	36.000000	5.048000	0.848000	1740635083	1681343425	1847648	1740625514	0	323325086	
4.000000	bodytrack	1	1132	36.000000	5.048000	0.848000	1753743809	1692387107	1850428	1753734758	0	325734613	
4.000000	bodytrack	1	1132	36.000000	5.048000	0.888000	1739307257	1680785201	1849024	1739298318	0	323318525	
2.000000	bodytrack	1	1224	36.000000	5.048000	0.969000	1733497783	1662580231	1842208	1733489299	0	319785075	
2.000000	bodytrack	1	1224	36.000000	5.048000	0.969000	1748957526	1674189240	1844980	1748948272	0	321947750	
4.000000	bodytrack	1	1224	36.000000	5.048000	0.969000	1750080815	1675543486	1844960	1750071813	0	322263365	
2.000000	bodytrack	1	1428	37.000000	5.032000	1.247000	1777669626	1677085880	1846532	1777660757	0	322738635	
2.000000	bodytrack	1	1428	36.000000	5.040000	1.249000	1778244756	1675952962	1844908	1778236405	0	322227989	
6.000000	bodytrack	1	1428	36.000000	5.032000	1.209000	1781286678	1677181864	1846480	1781278061	0	322925372	
2.000000	bodytrack	1	1479	38.000000	5.032000	1.247000	1801127618	1685075505	1848364	1801119155	0	323946834	
2.000000	bodytrack	1	1479	37.000000	5.032000	1.328000	1793394709	1678256131	1847016	1793386526	0	322996310	
2.000000	bodytrack	1	1479	37.000000	5.032000	1.288000	1792334712	1680331782	1846052	1792326298	0	323170356	
22.000000	dedup	1	102	35.000000	5.072000	0.243000	1465654034	1398562119	1815012	1465642869	0	262702346	
18.000000	dedup	1	102	35.000000	5.072000	0.243000	1458189631	1390448182	1813380	1458178816	0	261103038	
14.000000	dedup	1	102	35.000000	5.072000	0.243000	1461358977	1394831426	1814408	1461348015	0	262019403	
10.000000	dedup	1	204	35.000000	5.064000	0.364000	1429536979	1374982943	1812056	1429526409	0	258391389	
8.000000	dedup	1	204	35.000000	5.064000	0.364000	1428501897	1372783086	1811828	1428491544	0	258590445	
8.000000	dedup	1	204	35.000000	5.064000	0.364000	1425998092	1372480941	1811036	1425988649	0	258088067	
6.000000	dedup	1	307	35.000000	5.056000	0.444000	1422164048	1362403372	1810956	1422154115	0	256814292	
6.000000	dedup	1	307	35.000000	5.056000	0.444000	1418104281	1357484864	1810280	1418093529	0	255789393	
6.000000	dedup	1	307	35.000000	5.056000	0.485000	1411372391	1349364832	1807568	1411362444	0	253974183	
6.000000	dedup	1	403	35.000000	5.056000	0.525000	1426296754	1357115499	1809604	1426287899	0	256108416	
8.000000	dedup	1	403	35.000000	5.056000	0.525000	1425989648	1353521971	1809068	1425980905	0	255002224	
4.000000	dedup	1	403	35.000000	5.056000	0.525000	1422455624	1349053776	1808708	1422446468	0	254152058	
4.000000	dedup	1	518	36.000000	5.048000	0.605000	1433747946	1351203430	1808536	1433739014	0	254738490	
4.000000	dedup	1	518	35.000000	5.048000	0.605000	1430387749	1346398849	1809816	1430378908	0	253873968	
6.000000	dedup	1	518	35.000000	5.048000	0.605000	1450288304	1363577136	1812424	1450278728	0	257297460	
4.000000	dedup	1	614	35.000000	5.048000	0.646000	1436202291	1335686162	1804040	1436193765	0	251959487	
2.000000	dedup	1	614	35.000000	5.048000	0.686000	1436919834	1339078191	1807032	1436911280	0	252094015	
4.000000	dedup	1	614	36.000000	5.048000	0.646000	1449475552	1348524369	1808440	1449466949	0	254424867	
4.000000	dedup	1	710	36.000000	5.048000	0.726000	1442691323	1334473896	1805008	1442682363	0	251513034	
2.000000	dedup	1	710	36.000000	5.048000	0.725000	1459011030	1346638811	1810516	1459002889	0	254074404	
4.000000	dedup	1	710	36.000000	5.040000	0.726000	1444866614	1330416151	1802368	1444857724	0	250834038	
4.000000	dedup	1	921	36.000000	5.040000	0.846000	1483189874	1340820006	1806448	1483181369	0	252947618	
2.000000	dedup	1	921	36.000000	5.040000	0.887000	1480649135	1337895751	1804648	1480641239	0	252288375	
4.000000	dedup	1	921	36.000000	5.040000	0.846000	1477177332	1334180789	1805408	1477168617	0	251787611	
2.000000	dedup	1	1036	36.000000	5.040000	0.887000	1514005646	1353794519	1811540	1513997498	0	255549252	
4.000000	dedup	1	1036	36.000000	5.040000	1.008000	1501758624	1344809234	1807112	1501750266	0	253925561	
2.000000	dedup	1	1036	36.000000	5.040000	0.967000	1499859367	1337611986	1808072	1499850897	0	252543721	
2.000000	dedup	1	1132	36.000000	5.040000	0.967000	1503201202	1336477503	1806488	1503192655	0	252215680	
4.000000	dedup	1	1132	36.000000	5.040000	1.008000	1504457737	1337747559	1806376	1504449785	0	252476352	
2.000000	dedup	1	1132	36.000000	5.040000	1.006000	1500401470	1332930698	1805112	1500393693	0	251589025	
4.000000	dedup	1	1224	36.000000	5.040000	1.127000	1516200535	1336023957	1805904	1516192793	0	252312159	
4.000000	dedup	1	1224	36.000000	5.032000	1.086000	1528717464	1345017558	1810180	1528709827	0	253719787	
4.000000	dedup	1	1224	36.000000	5.040000	1.169000	1521105498	1339369784	1808776	1521097371	0	252611945	
4.000000	dedup	1	1428	37.000000	5.024000	1.406000	1553960446	1334950287	1804400	1553951836	0	252214194	
2.000000	dedup	1	1428	37.000000	5.032000	1.406000	1550439523	1339793159	1807688	1550431858	0	253263508	
2.000000	dedup	1	1428	37.000000	5.024000	1.326000	1556292574	1348080888	1808172	1556284776	0	254443443	
4.000000	dedup	1	1479	37.000000	5.024000	1.487000	1548125276	1331588955	1806312	1548117604	0	251216972	
2.000000	dedup	1	1479	37.000000	5.024000	1.366000	1564695751	1340985479	1810160	1564687652	0	253392348	
4.000000	dedup	1	1479	37.000000	5.032000	1.489000	1554161763	1336616558	1805544	1554154007	0	252430510	
16.000000	ferret	1	102	35.000000	5.072000	0.243000	1477524212	1413248700	1816384	1477512459	0	264811521	
14.000000	ferret	1	102	35.000000	5.072000	0.243000	1456260073	1398463239	1814116	1456249699	0	262122461	
16.000000	ferret	1	102	35.000000	5.064000	0.243000	1478607236	1418671677	1818540	1478596001	0	266043739	
6.000000	ferret	1	204	35.000000	5.064000	0.324000	1450923441	1400296469	1816008	1450913620	0	263001941	
8.000000	ferret	1	204	35.000000	5.072000	0.324000	1435137757	1383951523	1812164	1435127978	0	259839132	
8.000000	ferret	1	204	35.000000	5.072000	0.324000	1440968176	1384837949	1813608	1440957963	0	260154607	
6.000000	ferret	1	307	35.000000	5.072000	0.405000	1431099374	1377928239	1812368	1431089952	0	258855015	
6.000000	ferret	1	307	35.000000	5.072000	0.364000	1440915825	1380989934	1815492	1440905990	0	259745018	
6.000000	ferret	1	307	35.000000	5.072000	0.365000	1432619516	1376351107	1811260	1432609709	0	258650073	
4.000000	ferret	1	403	35.000000	5.072000	0.405000	1434763742	1366950662	1811256	1434755006	0	256978568	
4.000000	ferret	1	403	35.000000	5.072000	0.446000	1434865118	1362399307	1809136	1434856228	0	256333031	
4.000000	ferret	1	403	35.000000	5.072000	0.405000	1433710599	1364199736	1809296	1433700659	0	256248392	
4.000000	ferret	1	518	35.000000	5.072000	0.446000	1460631016	1374251525	1813652	1460622252	0	258956699	
4.000000	ferret	1	518	35.000000	5.072000	0.446000	1444995815	1364343336	1810152	1444987408	0	256526973	
2.000000	ferret	1	518	35.000000	5.072000	0.446000	1445914169	1361048305	1810336	1445905097	0	256180562	
4.000000	ferret	1	614	35.000000	5.072000	0.486000	1463601416	1365201298	1813352	1463592582	0	257166876	
4.000000	ferret	1	614	35.000000	5.072000	0.486000	1456187212	1355996984	1808432	1456178623	0	255307565	
4.000000	ferret	1	614	35.000000	5.072000	0.486000	1459459460	1362081688	1810836	1459451074	0	256670744	
4.000000	ferret	1	710	35.000000	5.072000	0.486000	1469822862	1359012105	1809936	1469813685	0	255937737	
2.000000	ferret	1	710	35.000000	5.064000	0.486000	1468887024	1360965724	1810704	1468878435	0	255986356	
2.000000	ferret	1	710	35.000000	5.064000	0.486000	1472613362	1360897302	1809680	1472604997	0	255925924	
4.000000	ferret	1	921	35.000000	5.064000	0.607000	1507381011	1365028658	1811964	1507372548	0	256963703	
4.000000	ferret	1	921	35.000000	5.064000	0.567000	1502788620	1356452407	1809272	1502779751	0	255373137	
4.000000	ferret	1	921	36.000000	5.064000	0.567000	1508194311	1368519545	1813204	1508185547	0	257721825	
2.000000	ferret	1	1036	36.000000	5.064000	0.607000	1507553132	1349713371	1807668	1507544963	0	254303233	
2.000000	ferret	1	1036	36.000000	5.064000	0.688000	1517123700	1356203026	1809532	1517115881	0	255491706	
2.000000	ferret	1	1036	35.000000	5.064000	0.607000	1520993072	1361326589	1810756	1520984812	0	256420818	
2.000000	ferret	1	1132	35.000000	5.064000	0.607000	1543829144	1376755419	1815704	1543821087	0	259845841	
4.000000	ferret	1	1132	35.000000	5.064000	0.648000	1525885869	1362443826	1810608	1525877833	0	256589266	
2.000000	ferret	1	1132	35.000000	5.064000	0.648000	1517875539	1356670636	1809356	1517867811	0	255487972	
2.000000	ferret	1	1224	35.000000	5.064000	0.728000	1533758458	1352930273	1810420	1533750653	0	254960790	
4.000000	ferret	1	1224	36.000000	5.064000	0.728000	1520949146	1346846291	1807408	1520941306	0	253899843	
2.000000	ferret	1	1224	35.000000	5.064000	0.728000	1538484124	1357315839	1810712	1538476466	0	255767933	
2.000000	ferret	1	1428	36.000000	5.056000	0.930000	1562030612	1353017476	1808772	1562022821	0	255013399	
2.000000	ferret	1	1428	36.000000	5.056000	0.930000	1555258793	1349387809	1809204	1555250834	0	254187196	
2.000000	ferret	1	1428	37.000000	5.056000	0.930000	1564219567	1358225392	1810248	1564211727	0	256212203	
2.000000	ferret	1	1479	36.000000	5.056000	0.969000	1580853331	1358020503	1810632	1580844924	0	256005804	
4.000000	ferret	1	1479	36.000000	5.056000	0.970000	1584532750	1366804963	1812884	1584524903	0	258014051	
2.000000	ferret	1	1479	36.000000	5.048000	1.049000	1572049441	1355090232	1808824	1572041433	0	255306558	
18.000000	fluidanimate	1	102	35.000000	5.072000	0.243000	1505688470	1465359268	1824488	1505676402	0	276138257	
14.000000	fluidanimate	1	102	35.000000	5.072000	0.243000	1489933109	1444673246	1820648	1489921104	0	272265696	
18.000000	fluidanimate	1	102	35.000000	5.072000	0.284000	1499723184	1449643871	1821540	1499710745	0	273177562	
8.000000	fluidanimate	1	204	36.000000	5.064000	0.364000	1454677814	1421461034	1815912	1454667573	0	268579569	
8.000000	fluidanimate	1	204	35.000000	5.064000	0.364000	1466487109	1435777280	1820776	1466476931	0	271480276	
8.000000	fluidanimate	1	204	35.000000	5.064000	0.364000	1456849821	1422207245	1816000	1456839146	0	268746014	
4.000000	fluidanimate	1	307	35.000000	5.056000	0.444000	1451536232	1412093823	1816008	1451526495	0	267167781	
8.000000	fluidanimate	1	307	35.000000	5.056000	0.444000	1451970578	1413770688	1815644	1451960939	0	267274995	
8.000000	fluidanimate	1	307	35.000000	5.056000	0.444000	1449638271	1409626564	1815912	1449628632	0	266775588	
4.000000	fluidanimate	1	403	35.000000	5.056000	0.525000	1439912890	1394104070	1811168	1439904476	0	263682149	
4.000000	fluidanimate	1	403	35.000000	5.056000	0.525000	1451522861	1401447029	1812640	1451513754	0	264810828	
4.000000	fluidanimate	1	403	35.000000	5.056000	0.525000	1460589166	1409364662	1815096	1460580570	0	266546470	
4.000000	fluidanimate	1	518	35.000000	5.056000	0.565000	1452376179	1387806105	1810632	1452367926	0	262689024	
4.000000	fluidanimate	1	518	35.000000	5.048000	0.565000	1467522122	1405457258	1815700	1467513757	0	266301351	
4.000000	fluidanimate	1	518	35.000000	5.056000	0.566000	1463957777	1398380049	1813592	1463949181	0	264734232	
4.000000	fluidanimate	1	614	35.000000	5.048000	0.646000	1475236007	1397718508	1813032	1475227768	0	264372089	
4.000000	fluidanimate	1	614	36.000000	5.048000	0.646000	1479772089	1399785608	1814136	1479764235	0	265290683	
4.000000	fluidanimate	1	614	36.000000	5.048000	0.646000	1486732450	1409518010	1815768	1486723791	0	266883512	
4.000000	fluidanimate	1	710	36.000000	5.048000	0.686000	1487068694	1398521950	1814424	1487060189	0	264954155	
2.000000	fluidanimate	1	710	36.000000	5.048000	0.726000	1492416910	1399986446	1814348	1492408874	0	265210935	
2.000000	fluidanimate	1	710	35.000000	5.048000	0.726000	1491670730	1398575458	1812916	1491661616	0	264692178	
2.000000	fluidanimate	1	921	36.000000	5.048000	0.807000	1520127274	1397883810	1814052	1520119399	0	264943927	
2.000000	fluidanimate	1	921	36.000000	5.040000	0.846000	1516982184	1395317472	1814380	1516974449	0	264454544	
2.000000	fluidanimate	1	921	36.000000	5.040000	0.846000	1523822775	1403918467	1816748	1523814963	0	265603134	
2.000000	fluidanimate	1	1036	36.000000	5.040000	0.927000	1543207967	1402181392	1814204	1543198993	0	265481895	
4.000000	fluidanimate	1	1036	36.000000	5.040000	0.927000	1536126368	1394701663	1814072	1536117800	0	264307766	
2.000000	fluidanimate	1	1036	37.000000	5.032000	1.086000	1529862217	1392135573	1812416	1529854461	0	263619871	
2.000000	fluidanimate	1	1132	36.000000	5.040000	0.927000	1536077982	1389534955	1811488	1536069974	0	263373519	
4.000000	fluidanimate	1	1132	36.000000	5.040000	0.967000	1546498805	1399664552	1816288	1546490860	0	265104539	
2.000000	fluidanimate	1	1132	36.000000	5.032000	1.006000	1525732638	1383648511	1809956	1525724539	0	261997545	
2.000000	fluidanimate	1	1224	36.000000	5.040000	1.008000	1559920944	1397283331	1813784	1559913069	0	264792013	
4.000000	fluidanimate	1	1224	36.000000	5.032000	1.167000	1553585783	1392357210	1812296	1553577908	0	263767768	
2.000000	fluidanimate	1	1224	36.000000	5.040000	1.088000	1579617348	1413441575	1820068	1579609249	0	268012386	
2.000000	fluidanimate	1	1428	36.000000	5.024000	1.406000	1583112881	1391442542	1812784	1583105153	0	263826863	
4.000000	fluidanimate	1	1428	37.000000	5.016000	1.487000	1581677928	1392035657	1812324	1581670256	0	263698083	
2.000000	fluidanimate	1	1428	37.000000	5.024000	1.286000	1580053070	1389972550	1812572	1580045615	0	263660709	
2.000000	fluidanimate	1	1479	37.000000	5.016000	1.487000	1586838631	1387576080	1812460	1586830231	0	263124963	
2.000000	fluidanimate	1	1479	37.000000	5.024000	1.446000	1583294838	1386883539	1811140	1583286683	0	262894547	
2.000000	fluidanimate	1	1479	37.000000	5.016000	1.645000	1595559027	1391941771	1812364	1595551306	0	263741682	
12.000000	freqmine	1	102	35.000000	5.064000	0.243000	1467167817	1413841131	1816188	1467157856	0	263015674	
30.000000	freqmine	1	102	36.000000	5.064000	0.243000	1466649682	1408316081	1813644	1466638419	0	261958075	
12.000000	freqmine	1	102	35.000000	5.072000	0.243000	1480018625	1423296586	1817688	1480008531	0	264896564	
10.000000	freqmine	1	204	35.000000	5.064000	0.364000	1455095912	1404706771	1816248	1455085692	0	262109741	
10.000000	freqmine	1	204	35.000000	5.064000	0.364000	1417223799	1376562194	1809340	1417214888	0	256485922	
8.000000	freqmine	1	204	36.000000	5.064000	0.364000	1438579125	1391519890	1813600	1438569514	0	259591777	
6.000000	freqmine	1	307	36.000000	5.056000	0.404000	1426674796	1375461491	1809184	1426665472	0	256385087	
4.000000	freqmine	1	307	36.000000	5.056000	0.404000	1429193471	1377588682	1809988	1429183370	0	256873275	
6.000000	freqmine	1	307	35.000000	5.056000	0.444000	1421969532	1367768607	1808564	1421960131	0	254987306	
4.000000	freqmine	1	403	36.000000	5.056000	0.525000	1425415612	1363917557	1809544	1425406414	0	254610176	
4.000000	freqmine	1	403	35.000000	5.056000	0.485000	1429162488	1365559809	1808272	1429153822	0	254830635	
4.000000	freqmine	1	403	36.000000	5.056000	0.485000	1453713899	1391041466	1814872	1453705023	0	259868517	
4.000000	freqmine	1	518	36.000000	5.048000	0.565000	1449371355	1372909431	1812100	1449362682	0	256088797	
4.000000	freqmine	1	518	35.000000	5.048000	0.565000	1436683803	1363366392	1808408	1436675529	0	254479984	
4.000000	freqmine	1	518	36.000000	5.048000	0.566000	1446752536	1366838426	1809500	1446743303	0	255355739	
4.000000	freqmine	1	614	36.000000	5.048000	0.605000	1454427299	1364412346	1810788	1454418850	0	254847085	
4.000000	freqmine	1	614	36.000000	5.048000	0.646000	1478579853	1383149355	1814528	1478571705	0	258698732	
2.000000	freqmine	1	614	36.000000	5.048000	0.605000	1456717071	1368599267	1810968	1456708307	0	255694895	
4.000000	freqmine	1	710	36.000000	5.048000	0.686000	1472565421	1372311793	1810940	1472557595	0	256247367	
4.000000	freqmine	1	710	36.000000	5.048000	0.726000	1467165206	1364768919	1810136	1467156848	0	255039818	
4.000000	freqmine	1	710	36.000000	5.040000	0.686000	1473016125	1370227106	1811256	1473007277	0	255962911	
4.000000	freqmine	1	921	36.000000	5.048000	0.806000	1489088908	1359614852	1808040	1489081005	0	254170044	
4.000000	freqmine	1	921	36.000000	5.040000	0.806000	1489909694	1359059393	1808732	1489901861	0	254017670	
4.000000	freqmine	1	921	36.000000	5.040000	0.806000	1494724159	1359385414	1808252	1494716207	0	253910213	
4.000000	freqmine	1	1036	36.000000	5.040000	0.887000	1510038829	1356318683	1807592	1510030947	0	253413277	
4.000000	freqmine	1	1036	37.000000	5.040000	0.967000	1514202007	1364415983	1808692	1514194342	0	254775189	
2.000000	freqmine	1	1036	36.000000	5.040000	0.887000	1517594170	1360064685	1810980	1517586512	0	254177037	
2.000000	freqmine	1	1132	36.000000	5.040000	0.927000	1512735293	1356874947	1807004	1512727523	0	253402421	
4.000000	freqmine	1	1132	36.000000	5.032000	0.967000	1521812251	1360174493	1811036	1521804817	0	254180225	
4.000000	freqmine	1	1132	36.000000	5.040000	1.008000	1520487361	1362124713	1808220	1520479780	0	254652721	
4.000000	freqmine	1	1224	37.000000	5.032000	1.046000	1530827260	1355793109	1808356	1530819413	0	253484621	
2.000000	freqmine	1	1224	36.000000	5.032000	1.086000	1529975157	1355203819	1807412	1529967366	0	253099327	
4.000000	freqmine	1	1224	37.000000	5.032000	1.086000	1531633199	1357849833	1808180	1531625723	0	253751175	
2.000000	freqmine	1	1428	37.000000	5.032000	1.328000	1564867931	1356885439	1807676	1564860301	0	253505010	
2.000000	freqmine	1	1428	37.000000	5.024000	1.446000	1567220938	1365403987	1810652	1567213028	0	255064349	
2.000000	freqmine	1	1428	38.000000	5.032000	1.288000	1555374486	1353021306	1808332	1555367150	0	253089449	
2.000000	freqmine	1	1479	38.000000	5.024000	1.408000	1562900541	1353185053	1807236	1562892946	0	252749412	
4.000000	freqmine	1	1479	38.000000	5.024000	1.446000	1562130795	1354114449	1808088	1562123046	0	253485698	
2.000000	freqmine	1	1479	37.000000	5.024000	1.446000	1582887947	1363641350	1810080	1582879435	0	254791756	
16.000000	streamcluster	1	102	36.000000	5.072000	0.243000	1430254274	1369303432	1794016	1430243739	0	257219908	
20.000000	streamcluster	1	102	36.000000	5.072000	0.243000	1432567129	1370815409	1793012	1432555824	0	257569911	
18.000000	streamcluster	1	102	36.000000	5.064000	0.243000	1429445322	1365809751	1793776	1429435074	0	256487960	
10.000000	streamcluster	1	204	36.000000	5.056000	0.404000	1402795890	1349793940	1793308	1402786300	0	254123636	
10.000000	streamcluster	1	204	36.000000	5.056000	0.404000	1400832059	1350492573	1790672	1400822168	0	254417038	
10.000000	streamcluster	1	204	35.000000	5.064000	0.404000	1388282102	1336363861	1789076	1388272050	0	251517708	
6.000000	streamcluster	1	307	35.000000	5.056000	0.485000	1390698332	1332067278	1787216	1390689162	0	250814900	
6.000000	streamcluster	1	307	36.000000	5.056000	0.444000	1389856833	1332005336	1787092	1389847418	0	250878146	
6.000000	streamcluster	1	307	36.000000	5.056000	0.485000	1385268147	1325261515	1785368	1385259278	0	249517083	
6.000000	streamcluster	1	403	36.000000	5.056000	0.525000	1387680308	1322484907	1786116	1387671656	0	249256053	
4.000000	streamcluster	1	403	35.000000	5.056000	0.524000	1396328970	1328627471	1788840	1396320269	0	250411109	
4.000000	streamcluster	1	403	36.000000	5.048000	0.524000	1397160357	1326452452	1786340	1397151936	0	249806175	
4.000000	streamcluster	1	518	36.000000	5.048000	0.605000	1402657463	1320323671	1784600	1402648734	0	248535799	
4.000000	streamcluster	1	518	36.000000	5.048000	0.605000	1407505862	1328006781	1787412	1407497560	0	250467208	
4.000000	streamcluster	1	518	36.000000	5.048000	0.605000	1413316166	1331145263	1789984	1413307234	0	250821910	
4.000000	streamcluster	1	614	36.000000	5.048000	0.646000	1414412786	1319297334	1785732	1414404862	0	248702832	
4.000000	streamcluster	1	614	36.000000	5.048000	0.646000	1425815081	1332834358	1789488	1425806779	0	251174380	
6.000000	streamcluster	1	614	36.000000	5.048000	0.646000	1425299291	1326954090	1788372	1425290926	0	250423096	
4.000000	streamcluster	1	710	36.000000	5.048000	0.726000	1424541208	1319060026	1785700	1424532920	0	248562604	
4.000000	streamcluster	1	710	36.000000	5.048000	0.686000	1434530077	1326747052	1787948	1434522153	0	250294306	
2.000000	streamcluster	1	710	36.000000	5.048000	0.725000	1435303403	1329149744	1788100	1435295360	0	250847779	
2.000000	streamcluster	1	921	36.000000	5.048000	0.807000	1464729907	1327142284	1789228	1464722109	0	250667169	
4.000000	streamcluster	1	921	36.000000	5.048000	0.846000	1462231918	1323810745	1787888	1462224274	0	249827558	
2.000000	streamcluster	1	921	36.000000	5.048000	0.888000	1468197843	1331397945	1790872	1468189492	0	251393331	
2.000000	streamcluster	1	1036	35.000000	5.048000	0.888000	1476778208	1321973980	1787656	1476770585	0	249443508	
2.000000	streamcluster	1	1036	36.000000	5.048000	0.928000	1476852442	1323248791	1787596	1476844854	0	249759764	
4.000000	streamcluster	1	1036	36.000000	5.040000	0.887000	1484652759	1325812465	1790508	1484644674	0	250192668	
2.000000	streamcluster	1	1132	36.000000	5.048000	0.928000	1485163533	1326122632	1789108	1485156001	0	250513768	
4.000000	streamcluster	1	1132	36.000000	5.048000	0.928000	1477641060	1318539887	1788900	1477633241	0	249072550	
2.000000	streamcluster	1	1132	36.000000	5.040000	0.928000	1469247331	1309234344	1783860	1469239645	0	247029607	
4.000000	streamcluster	1	1224	36.000000	5.040000	1.088000	1509888482	1334128703	1791500	1509880978	0	252041528	
2.000000	streamcluster	1	1224	36.000000	5.040000	1.048000	1498318885	1322028198	1787672	1498311038	0	249549065	
4.000000	streamcluster	1	1224	36.000000	5.040000	1.048000	1514223864	1337964930	1791692	1514216220	0	252754465	
2.000000	streamcluster	1	1428	37.000000	5.040000	1.209000	1522201073	1319254738	1787264	1522193737	0	249133965	
2.000000	streamcluster	1	1428	37.000000	5.040000	1.290000	1513489982	1312158205	1785040	1513482492	0	247678890	
2.000000	streamcluster	1	1428	36.000000	5.040000	1.290000	1512327635	1309495383	1783948	1512319543	0	247019437	
2.000000	streamcluster	1	1479	37.000000	5.032000	1.408000	1526940894	1313459258	1787684	1526932970	0	247958841	
2.000000	streamcluster	1	1479	37.000000	5.032000	1.368000	1536196018	1321090405	1787900	1536187800	0	249456955	
2.000000	streamcluster	1	1479	37.000000	5.032000	1.408000	1522772312	1309451990	1785124	1522764668	0	247411348	
18.000000	vips	1	102	35.000000	5.072000	0.243000	1589689234	1532514194	1817508	1589677964	0	287977252	
12.000000	vips	1	102	36.000000	5.072000	0.243000	1597129815	1535055827	1818768	1597118125	0	288470930	
16.000000	vips	1	102	35.000000	5.064000	0.243000	1602970182	1541806381	1819744	1602958688	0	289723945	
8.000000	vips	1	204	35.000000	5.064000	0.324000	1565094295	1512705363	1815804	1565084082	0	284752933	
8.000000	vips	1	204	35.000000	5.064000	0.324000	1561192108	1517199278	1815768	1561181909	0	285864494	
8.000000	vips	1	204	35.000000	5.064000	0.364000	1587112333	1535429317	1820912	1587101539	0	289417561	
6.000000	vips	1	307	36.000000	5.064000	0.364000	1556417905	1504448565	1813216	1556408168	0	282858569	
4.000000	vips	1	307	35.000000	5.064000	0.405000	1567069774	1509581823	1815224	1567060618	0	284444172	
6.000000	vips	1	307	35.000000	5.064000	0.364000	1566727806	1511671904	1815600	1566718447	0	285000150	
4.000000	vips	1	403	36.000000	5.064000	0.405000	1570194564	1504004572	1816564	1570185345	0	283410892	
6.000000	vips	1	403	36.000000	5.064000	0.445000	1560961210	1492859576	1811568	1560951781	0	281330616	
6.000000	vips	1	403	36.000000	5.064000	0.445000	1555367457	1488150502	1812348	1555358280	0	280463102	
4.000000	vips	1	518	36.000000	5.064000	0.486000	1573392215	1488302870	1813616	1573382884	0	280851802	
4.000000	vips	1	518	36.000000	5.064000	0.486000	1576505309	1494827925	1814452	1576495299	0	281862384	
4.000000	vips	1	518	36.000000	5.072000	0.486000	1567742296	1486503459	1810656	1567733630	0	280395002	
4.000000	vips	1	614	36.000000	5.064000	0.526000	1585572598	1490438734	1811540	1585564520	0	281105108	
4.000000	vips	1	614	36.000000	5.064000	0.526000	1593778194	1497883505	1814348	1593768968	0	282802922	
4.000000	vips	1	614	36.000000	5.072000	0.486000	1585379416	1493859930	1812936	1585371079	0	281703193	
2.000000	vips	1	710	36.000000	5.064000	0.567000	1601682032	1491102795	1811332	1601673289	0	281243877	
2.000000	vips	1	710	36.000000	5.064000	0.567000	1616948964	1508477728	1816672	1616940669	0	284902550	
2.000000	vips	1	710	36.000000	5.064000	0.567000	1592475447	1486395119	1811412	1592466655	0	280274892	
2.000000	vips	1	921	36.000000	5.064000	0.648000	1624293592	1484346644	1811464	1624284961	0	280029692	
4.000000	vips	1	921	36.000000	5.064000	0.648000	1623017180	1481541696	1811428	1623008808	0	279752133	
4.000000	vips	1	921	35.000000	5.064000	0.687000	1624456278	1487865816	1811668	1624447178	0	280658290	
2.000000	vips	1	1036	36.000000	5.056000	0.728000	1645386843	1488908072	1812144	1645378821	0	281001229	
2.000000	vips	1	1036	36.000000	5.056000	0.728000	1654135873	1499155677	1814960	1654127627	0	283166241	
4.000000	vips	1	1036	36.000000	5.056000	0.728000	1658877697	1499362031	1816440	1658869528	0	282700572	
4.000000	vips	1	1132	36.000000	5.056000	0.728000	1646239932	1485557529	1812764	1646231385	0	280619705	
2.000000	vips	1	1132	36.000000	5.056000	0.768000	1634001561	1472516031	1808620	1633993609	0	278126810	
2.000000	vips	1	1132	36.000000	5.056000	0.768000	1653578871	1491843469	1814564	1653570737	0	281929409	
4.000000	vips	1	1224	36.000000	5.056000	0.889000	1661987251	1486789170	1812408	1661979313	0	280306211	
2.000000	vips	1	1224	37.000000	5.056000	0.889000	1672729728	1491540592	1812372	1672721363	0	281514816	
4.000000	vips	1	1224	37.000000	5.056000	0.889000	1671315545	1494386384	1815396	1671307726	0	282291177	
2.000000	vips	1	1428	37.000000	5.048000	1.130000	1683450525	1472864280	1808496	1683442076	0	278106355	
2.000000	vips	1	1428	38.000000	5.048000	1.130000	1705033444	1500971044	1814968	1705025114	0	283305954	
2.000000	vips	1	1428	37.000000	5.040000	1.209000	1681604841	1474199244	1808020	1681597050	0	278200678	
2.000000	vips	1	1479	37.000000	5.048000	1.169000	1695510617	1482159599	1812412	1695502987	0	279854193	
4.000000	vips	1	1479	37.000000	5.040000	1.209000	1698605761	1480342522	1811292	1698597424	0	279669332	
4.000000	vips	1	1479	38.000000	5.040000	1.249000	1694295305	1481805592	1813120	1694286954	0	280007905	
14.000000	x264	1	102	36.000000	5.072000	0.243000	1442848716	1380929815	1811816	1442838146	0	259086315	
14.000000	x264	1	102	36.000000	5.072000	0.243000	1441799806	1379256535	1811092	1441788977	0	258754862	
20.000000	x264	1	102	35.000000	5.072000	0.243000	1453568590	1392107789	1813760	1453558174	0	261487518	
6.000000	x264	1	204	35.000000	5.072000	0.324000	1431406195	1376833798	1813720	1431396822	0	258968945	
6.000000	x264	1	204	35.000000	5.072000	0.324000	1420877049	1364138193	1811028	1420867088	0	256591482	
8.000000	x264	1	204	35.000000	5.072000	0.324000	1400759423	1345141197	1804772	1400749784	0	253037796	
6.000000	x264	1	307	35.000000	5.072000	0.364000	1397796914	1341662504	1804888	1397787478	0	252541211	
6.000000	x264	1	307	35.000000	5.072000	0.405000	1410037434	1349314043	1808468	1410028740	0	253901920	
6.000000	x264	1	307	35.000000	5.072000	0.364000	1419112691	1357579495	1808484	1419103528	0	255577750	
4.000000	x264	1	403	35.000000	5.072000	0.405000	1414829697	1344079169	1806832	1414820415	0	253035071	
6.000000	x264	1	403	35.000000	5.072000	0.405000	1419900636	1351560447	1808096	1419891256	0	254455806	
4.000000	x264	1	403	35.000000	5.072000	0.405000	1409461950	1341227517	1805436	1409452717	0	252314082	
4.000000	x264	1	518	35.000000	5.072000	0.446000	1424691964	1339994419	1807876	1424683921	0	252534929	
4.000000	x264	1	518	35.000000	5.072000	0.446000	1421415795	1336897162	1805260	1421407486	0	251849843	
4.000000	x264	1	518	36.000000	5.072000	0.445000	1423108229	1337759432	1805260	1423099892	0	252037896	
4.000000	x264	1	614	35.000000	5.072000	0.446000	1436056080	1335459518	1806128	1436047582	0	251338788	
4.000000	x264	1	614	35.000000	5.072000	0.486000	1432386699	1334007084	1805116	1432377935	0	251149136	
4.000000	x264	1	614	35.000000	5.064000	0.486000	1433165078	1334009240	1805164	1433156993	0	251396068	
2.000000	x264	1	710	35.000000	5.064000	0.526000	1443180962	1330847674	1805096	1443172632	0	250794047	
4.000000	x264	1	710	36.000000	5.064000	0.486000	1443861299	1333478789	1804828	1443852990	0	251264979	
2.000000	x264	1	710	35.000000	5.072000	0.486000	1440556245	1327698880	1803480	1440547467	0	250031253	
2.000000	x264	1	921	35.000000	5.064000	0.567000	1471799983	1330622339	1804404	1471791289	0	250663685	
2.000000	x264	1	921	35.000000	5.064000	0.567000	1482550460	1335877443	1805964	1482542634	0	251704798	
4.000000	x264	1	921	36.000000	5.064000	0.567000	1477568557	1337454284	1807200	1477560332	0	252218305	
2.000000	x264	1	1036	36.000000	5.064000	0.607000	1495511276	1335941480	1808160	1495503401	0	252041907	
2.000000	x264	1	1036	36.000000	5.064000	0.688000	1495501033	1331143722	1807080	1495493186	0	250961925	
4.000000	x264	1	1036	36.000000	5.064000	0.648000	1487792970	1330830452	1804312	1487785291	0	250779102	
2.000000	x264	1	1132	36.000000	5.064000	0.648000	1497460704	1331959152	1805608	1497452437	0	250968960	
2.000000	x264	1	1132	36.000000	5.064000	0.648000	1500400126	1333423616	1805800	1500392307	0	251529157	
4.000000	x264	1	1132	35.000000	5.064000	0.648000	1497581647	1334362779	1807320	1497574003	0	251410579	
4.000000	x264	1	1224	36.000000	5.064000	0.728000	1505992678	1325785868	1805564	1505984922	0	249928029	
2.000000	x264	1	1224	36.000000	5.064000	0.729000	1513864884	1333211227	1806844	1513857100	0	251576399	
2.000000	x264	1	1224	36.000000	5.064000	0.729000	1510770954	1330994973	1804424	1510763016	0	250999232	
4.000000	x264	1	1428	36.000000	5.056000	0.889000	1538184674	1328128646	1804600	1538176862	0	250578459	
2.000000	x264	1	1428	37.000000	5.048000	0.928000	1544936261	1332787788	1806536	1544928449	0	251329378	
2.000000	x264	1	1428	36.000000	5.056000	0.930000	1534117990	1325136880	1805268	1534109926	0	250044260	
4.000000	x264	1	1479	36.000000	5.056000	0.969000	1559669570	1343527968	1810704	1559661814	0	253744821	
2.000000	x264	1	1479	37.000000	5.056000	0.969000	1546727440	1331160992	1805416	1546719670	0	251021523	
2.000000	x264	1	1479	36.000000	5.048000	1.049000	1549917438	1332546878	1805352	1549909234	0	251447780	
