Run Duration (ms)	Benchmark	Run(#)	CPU Frequency (MHz)	CPU Temperature(C)	Voltage[V]	Power[W]	CPU_CYCLES	SW_INCR	L1I_CACHE_REFILL	L1I_TLB_REFILL	L1D_CACHE_REFILL	L1D_CACHE
16.000000	blackscholes	1	102	36.000000	5.072000	0.243000	1446561541	0	15195698	2024790	11833009	453847136	
20.500000	blackscholes	1	102	36.000000	5.064000	0.283000	1466413491	0	15130519	2053926	11726199	458924720	
19.000000	blackscholes	1	102	35.000000	5.064000	0.243000	1442464310	0	15054341	2033301	11529543	451492488	
7.000000	blackscholes	1	204	36.000000	5.056000	0.405000	1408653211	0	13252209	1807830	10968953	445452114	
9.500000	blackscholes	1	204	36.000000	5.056000	0.404000	1393451323	0	12984564	1795348	10675633	441885549	
7.000000	blackscholes	1	204	36.000000	5.064000	0.405000	1409404104	0	13178542	1796196	10793944	446070462	
5.000000	blackscholes	1	307	36.000000	5.048000	0.484000	1400304984	0	12543586	1736061	10532990	441389070	
5.500000	blackscholes	1	307	36.000000	5.056000	0.444000	1396662009	0	12692718	1744536	10655453	439452290	
5.500000	blackscholes	1	307	36.000000	5.056000	0.444000	1401863096	0	12426733	1731785	10545249	442319129	
4.000000	blackscholes	1	403	36.000000	5.056000	0.525000	1403383564	0	12321717	1696495	10445602	440972573	
5.500000	blackscholes	1	403	36.000000	5.056000	0.525000	1408659260	0	12266484	1701586	10384072	441182257	
4.500000	blackscholes	1	403	36.000000	5.048000	0.524000	1407532428	0	12253223	1685803	10518752	441307407	
4.000000	blackscholes	1	518	36.000000	5.048000	0.605000	1425932716	0	12109127	1688423	10228692	442944172	
3.500000	blackscholes	1	518	36.000000	5.048000	0.605000	1414548379	0	12022469	1700173	10324284	439855146	
4.000000	blackscholes	1	518	36.000000	5.048000	0.605000	1419648829	0	12091697	1714046	10300744	440530457	
3.000000	blackscholes	1	614	36.000000	5.048000	0.686000	1441645307	0	11981824	1666496	10447890	443160930	
4.000000	blackscholes	1	614	36.000000	5.048000	0.646000	1424387679	0	11932106	1651577	10379799	438072274	
3.500000	blackscholes	1	614	36.000000	5.048000	0.646000	1432665048	0	11859403	1685133	10299626	440651363	
3.000000	blackscholes	1	710	36.000000	5.048000	0.726000	1451098754	0	11752328	1650050	10230090	442993383	
3.500000	blackscholes	1	710	36.000000	5.048000	0.726000	1458743161	0	11874561	1649075	10295469	444632672	
3.000000	blackscholes	1	710	36.000000	5.048000	0.726000	1443172015	0	11958547	1653172	10295774	438983475	
3.000000	blackscholes	1	921	36.000000	5.040000	0.927000	1492923837	0	11733269	1666650	10360080	445128136	
3.000000	blackscholes	1	921	36.000000	5.040000	0.887000	1468849891	0	11723790	1623203	10111401	438387782	
3.000000	blackscholes	1	921	37.000000	5.040000	0.887000	1474157805	0	11690567	1633147	10094399	439232667	
3.000000	blackscholes	1	1036	36.000000	5.032000	1.006000	1477829175	0	11635342	1616099	10132932	435763252	
3.000000	blackscholes	1	1036	36.000000	5.040000	1.008000	1492662775	0	11569652	1617581	10512047	442089150	
3.000000	blackscholes	1	1036	37.000000	5.048000	0.927000	1469985419	0	11615710	1630874	10069198	433963070	
3.500000	blackscholes	1	1132	36.000000	5.040000	1.008000	1483596936	0	11582861	1621251	10113712	435605541	
3.000000	blackscholes	1	1132	37.000000	5.040000	0.927000	1494419330	0	11695576	1638112	10238556	437824491	
3.000000	blackscholes	1	1132	36.000000	5.040000	0.927000	1503829575	0	11731145	1623690	10300562	440978725	
3.000000	blackscholes	1	1224	37.000000	5.040000	1.088000	1510879103	0	11627964	1629511	10265246	439767005	
2.500000	blackscholes	1	1224	37.000000	5.040000	1.088000	1519198040	0	11583246	1640602	10156270	442550513	
2.500000	blackscholes	1	1224	37.000000	5.040000	1.128000	1511411154	0	11599784	1630662	10164746	440235629	
3.000000	blackscholes	1	1428	37.000000	5.040000	1.288000	1529316392	0	11560455	1604806	9986899	437627631	
3.000000	blackscholes	1	1428	37.000000	5.032000	1.366000	1531230105	0	11629611	1610514	10128849	437275595	
3.000000	blackscholes	1	1428	37.000000	5.024000	1.328000	1534016828	0	11540994	1617199	10197095	436171188	
3.000000	blackscholes	1	1479	37.000000	5.032000	1.449000	1536537799	0	11573171	1623967	10023204	436706145	
2.500000	blackscholes	1	1479	37.000000	5.032000	1.408000	1536722765	0	11477214	1607221	10072325	437253401	
2.500000	blackscholes	1	1479	37.000000	5.032000	1.449000	1541204852	0	11557695	1633201	10071350	437465755	
20.500000	bodytrack	1	102	36.000000	5.072000	0.243000	1689531979	0	16006826	2113013	12626156	545848668	
13.500000	bodytrack	1	102	36.000000	5.072000	0.243000	1684154905	0	15882561	2083931	12723908	544149658	
15.500000	bodytrack	1	102	36.000000	5.072000	0.243000	1686337315	0	15896907	2103284	12439399	545193637	
6.500000	bodytrack	1	204	36.000000	5.064000	0.324000	1635144807	0	13925651	1854528	11676547	532486226	
10.500000	bodytrack	1	204	36.000000	5.064000	0.324000	1650372037	0	13875329	1853875	11897246	538516485	
7.000000	bodytrack	1	204	35.000000	5.064000	0.324000	1633205260	0	13850876	1841769	11777525	532832876	
5.000000	bodytrack	1	307	36.000000	5.056000	0.364000	1635698744	0	13339004	1799777	11532856	530713551	
5.500000	bodytrack	1	307	36.000000	5.064000	0.364000	1648659785	0	13384713	1794460	11572089	535393350	
5.000000	bodytrack	1	307	36.000000	5.064000	0.364000	1634118472	0	13319755	1790755	11495965	530597188	
4.500000	bodytrack	1	403	35.000000	5.064000	0.405000	1642687831	0	13101261	1734837	11304481	530327460	
5.000000	bodytrack	1	403	35.000000	5.064000	0.405000	1641936132	0	13075881	1737842	11226025	532412079	
5.000000	bodytrack	1	403	35.000000	5.064000	0.445000	1642211450	0	12954506	1730189	11243266	530795630	
4.000000	bodytrack	1	518	36.000000	5.064000	0.486000	1648397890	0	12739384	1727887	11171051	527440238	
4.500000	bodytrack	1	518	36.000000	5.064000	0.486000	1655561119	0	12813731	1715498	11322569	529710527	
4.000000	bodytrack	1	518	35.000000	5.064000	0.486000	1653075373	0	12754422	1716838	11232036	528397823	
4.000000	bodytrack	1	614	36.000000	5.064000	0.567000	1658488528	0	12645881	1693845	11153867	527096611	
3.500000	bodytrack	1	614	36.000000	5.064000	0.526000	1668468785	0	12649560	1707455	11329971	528973500	
3.500000	bodytrack	1	614	36.000000	5.064000	0.526000	1663361557	0	12629601	1688848	11177219	528188087	
3.500000	bodytrack	1	710	36.000000	5.056000	0.566000	1678758299	0	12570180	1686408	11228133	528058630	
3.000000	bodytrack	1	710	36.000000	5.056000	0.566000	1672482916	0	12551560	1675348	10914689	526560640	
3.000000	bodytrack	1	710	36.000000	5.056000	0.606000	1686016909	0	12561248	1718569	11141391	530404340	
3.000000	bodytrack	1	921	36.000000	5.048000	0.726000	1706192997	0	12330501	1657073	11021790	525813396	
3.000000	bodytrack	1	921	36.000000	5.040000	0.725000	1725346657	0	12356935	1669890	11033752	532521714	
3.000000	bodytrack	1	921	36.000000	5.056000	0.726000	1723238241	0	12377741	1664536	11244104	531995207	
2.500000	bodytrack	1	1036	36.000000	5.048000	0.807000	1726317088	0	12401481	1655078	11117790	526794944	
3.000000	bodytrack	1	1036	36.000000	5.040000	0.846000	1728695046	0	12370522	1650885	11064230	528059648	
3.000000	bodytrack	1	1036	37.000000	5.048000	0.848000	1724080900	0	12464443	1669432	10949367	527114890	
3.000000	bodytrack	1	1132	37.000000	5.048000	0.848000	1741580424	0	12350178	1690756	11034137	529060731	
3.000000	bodytrack	1	1132	36.000000	5.048000	0.888000	1725366774	0	12398824	1660902	10928030	524688802	
3.000000	bodytrack	1	1132	37.000000	5.040000	0.887000	1728053579	0	12375985	1675058	10838193	525965714	
2.500000	bodytrack	1	1224	37.000000	5.040000	1.009000	1745588615	0	12252578	1680945	10988159	526700285	
3.000000	bodytrack	1	1224	37.000000	5.040000	0.967000	1747047350	0	12426737	1664402	11068966	526494540	
3.000000	bodytrack	1	1224	37.000000	5.048000	0.928000	1759630329	0	12309190	1661304	11102939	530240431	
2.500000	bodytrack	1	1428	36.000000	5.040000	1.209000	1782481629	0	12231727	1650641	11034108	527622938	
3.000000	bodytrack	1	1428	38.000000	5.024000	1.245000	1772741301	0	12287014	1641543	11131692	525889484	
2.500000	bodytrack	1	1428	38.000000	5.032000	1.207000	1774642983	0	12236945	1647960	10979841	525897947	
2.500000	bodytrack	1	1479	38.000000	5.032000	1.288000	1775807288	0	12157654	1644509	11010314	522804773	
3.000000	bodytrack	1	1479	37.000000	5.032000	1.288000	1790600234	0	12244126	1651214	10957324	527356949	
2.500000	bodytrack	1	1479	37.000000	5.032000	1.328000	1781020558	0	12215650	1649491	11049389	525874110	
18.000000	dedup	1	102	36.000000	5.072000	0.243000	1466668219	0	15158701	2032717	11937273	461666141	
12.500000	dedup	1	102	36.000000	5.072000	0.243000	1454094210	0	15072468	2030103	11800899	456868282	
29.000000	dedup	1	102	36.000000	5.064000	0.283000	1451362557	0	15089561	2029300	11653010	457176212	
6.500000	dedup	1	204	36.000000	5.064000	0.364000	1424097942	0	13284572	1820770	11028797	452934097	
8.000000	dedup	1	204	36.000000	5.056000	0.364000	1418579345	0	13259487	1821945	11033888	450798856	
10.000000	dedup	1	204	36.000000	5.056000	0.364000	1429780901	0	13328864	1824779	11171242	453738665	
5.000000	dedup	1	307	36.000000	5.048000	0.444000	1409908642	0	12656894	1742929	11000186	446230597	
5.500000	dedup	1	307	36.000000	5.056000	0.485000	1418750633	0	12629644	1738677	10817537	449390034	
5.500000	dedup	1	307	36.000000	5.056000	0.444000	1414187497	0	12774639	1751028	10858970	446719211	
4.500000	dedup	1	403	36.000000	5.056000	0.524000	1410935882	0	12351141	1715275	10620420	444344715	
6.500000	dedup	1	403	36.000000	5.048000	0.525000	1421702155	0	12297617	1705859	10743343	447156981	
5.000000	dedup	1	403	36.000000	5.056000	0.525000	1419548423	0	12242577	1699036	10643215	445540060	
4.000000	dedup	1	518	36.000000	5.048000	0.605000	1435307781	0	12226517	1703569	10626417	445902970	
4.000000	dedup	1	518	36.000000	5.048000	0.605000	1422745669	0	12152939	1694076	10489947	442675982	
4.000000	dedup	1	518	36.000000	5.048000	0.605000	1417757917	0	12112334	1666677	10422497	441628455	
4.000000	dedup	1	614	36.000000	5.048000	0.686000	1439374701	0	11932895	1664726	10513140	444293032	
3.500000	dedup	1	614	36.000000	5.048000	0.686000	1456193818	0	11984897	1666466	10665603	448887083	
4.000000	dedup	1	614	36.000000	5.048000	0.686000	1437373288	0	11950824	1672450	10520554	442498995	
3.000000	dedup	1	710	36.000000	5.048000	0.726000	1451388656	0	11885085	1666499	10406527	443747444	
3.000000	dedup	1	710	36.000000	5.040000	0.726000	1467088764	0	11981179	1666583	10558495	447912997	
3.500000	dedup	1	710	36.000000	5.048000	0.726000	1448821384	0	11871423	1657922	10480799	442006054	
3.000000	dedup	1	921	36.000000	5.040000	0.887000	1487022281	0	11771437	1646223	10377262	444470042	
2.500000	dedup	1	921	36.000000	5.040000	0.846000	1486741099	0	11840147	1638644	10483478	444853512	
3.000000	dedup	1	921	36.000000	5.040000	0.846000	1498795336	0	11788897	1646077	10436400	448610956	
3.000000	dedup	1	1036	37.000000	5.040000	0.967000	1501958163	0	11674875	1654657	10373129	444239409	
3.000000	dedup	1	1036	37.000000	5.040000	0.967000	1517939263	0	11740513	1645979	10657110	448784747	
3.000000	dedup	1	1036	36.000000	5.040000	0.967000	1509122782	0	11731111	1675295	10368120	445653437	
3.000000	dedup	1	1132	36.000000	5.032000	1.008000	1515781695	0	11733982	1668298	10483524	446078006	
2.500000	dedup	1	1132	37.000000	5.040000	1.008000	1521846695	0	11731865	1641124	10558365	448102834	
3.500000	dedup	1	1132	37.000000	5.040000	0.967000	1509187871	0	11695161	1640509	10555498	444063750	
2.500000	dedup	1	1224	37.000000	5.024000	1.085000	1515937183	0	11629755	1652248	10432495	441819635	
2.500000	dedup	1	1224	37.000000	5.024000	1.165000	1529333227	0	11693144	1631063	10352152	446585154	
3.500000	dedup	1	1224	37.000000	5.032000	1.046000	1519035017	0	11633767	1628893	10248925	442325209	
2.500000	dedup	1	1428	38.000000	5.024000	1.406000	1548121564	0	11679593	1637951	10358493	441645975	
2.500000	dedup	1	1428	37.000000	5.024000	1.406000	1533505172	0	11550628	1622024	10343488	438453671	
2.500000	dedup	1	1428	38.000000	5.024000	1.366000	1543966143	0	11679687	1625631	10342247	441876257	
3.000000	dedup	1	1479	37.000000	5.024000	1.487000	1563913020	0	11674377	1636057	10404572	444685125	
2.500000	dedup	1	1479	37.000000	5.024000	1.406000	1552694358	0	11533908	1639558	10269305	440452587	
2.500000	dedup	1	1479	37.000000	5.024000	1.487000	1548926203	0	11534636	1613926	10290385	441068867	
14.500000	ferret	1	102	36.000000	5.072000	0.243000	1478323831	0	15070780	2011844	11865077	466079462	
14.500000	ferret	1	102	36.000000	5.072000	0.243000	1463154849	0	15023314	2017805	11762116	460286852	
15.000000	ferret	1	102	36.000000	5.072000	0.243000	1462982269	0	15176539	2040977	11745503	459035773	
7.000000	ferret	1	204	36.000000	5.072000	0.324000	1429175537	0	13252989	1840517	11017880	452733422	
9.500000	ferret	1	204	36.000000	5.064000	0.405000	1431605802	0	13316331	1813012	11080910	451651305	
7.000000	ferret	1	204	36.000000	5.072000	0.324000	1445225834	0	13320489	1830594	11117102	451925621	
6.500000	ferret	1	307	36.000000	5.072000	0.364000	1426971297	0	12839359	1743931	10778013	450888529	
5.000000	ferret	1	307	36.000000	5.064000	0.364000	1441669598	0	12700582	1770817	10867488	454761088	
5.000000	ferret	1	307	36.000000	5.072000	0.365000	1419950033	0	12725762	1749332	10855849	448075300	
4.500000	ferret	1	403	36.000000	5.072000	0.405000	1435930792	0	12535051	1707011	10525593	449600084	
5.500000	ferret	1	403	36.000000	5.072000	0.365000	1437204683	0	12516417	1715374	10771676	449876749	
4.500000	ferret	1	403	36.000000	5.072000	0.405000	1427592221	0	12498595	1720079	10689441	446227205	
4.500000	ferret	1	518	36.000000	5.072000	0.446000	1449322425	0	12251432	1686446	10639997	448585268	
4.000000	ferret	1	518	36.000000	5.072000	0.446000	1446751080	0	12235041	1676995	10526223	448065345	
4.000000	ferret	1	518	36.000000	5.072000	0.446000	1452889770	0	12170645	1691257	10589504	450567151	
3.500000	ferret	1	614	36.000000	5.072000	0.486000	1463600372	0	12139236	1687953	10505383	449137268	
3.500000	ferret	1	614	36.000000	5.072000	0.486000	1452479223	0	11938998	1661726	10743770	445087730	
3.500000	ferret	1	614	36.000000	5.072000	0.486000	1455208693	0	12048247	1667727	10624284	446053006	
3.500000	ferret	1	710	36.000000	5.072000	0.486000	1479984772	0	12013437	1668270	10550555	450529116	
3.500000	ferret	1	710	36.000000	5.072000	0.486000	1473899093	0	11949340	1658875	10461012	449299254	
3.000000	ferret	1	710	36.000000	5.064000	0.486000	1469649395	0	11948568	1663361	10477963	446089980	
3.000000	ferret	1	921	36.000000	5.064000	0.567000	1504338963	0	11815067	1645081	10515191	446938587	
2.500000	ferret	1	921	36.000000	5.064000	0.607000	1513261422	0	11773610	1649577	10631106	450172201	
3.000000	ferret	1	921	36.000000	5.064000	0.567000	1496192274	0	11701905	1633119	10401828	445497134	
2.500000	ferret	1	1036	36.000000	5.064000	0.607000	1516003977	0	11737798	1632325	10501159	445642708	
2.500000	ferret	1	1036	37.000000	5.064000	0.648000	1501497672	0	11709246	1632183	10360728	441732029	
2.500000	ferret	1	1036	37.000000	5.064000	0.648000	1536478951	0	11834790	1647761	10646530	452726167	
2.500000	ferret	1	1132	36.000000	5.056000	0.728000	1517704582	0	11758987	1641240	10420788	444688852	
3.000000	ferret	1	1132	36.000000	5.064000	0.648000	1522636633	0	11680717	1644824	10323415	447300352	
3.000000	ferret	1	1132	36.000000	5.064000	0.648000	1517658912	0	11717915	1640828	10260320	446406245	
2.500000	ferret	1	1224	36.000000	5.056000	0.728000	1539087774	0	11759819	1643333	10427274	446777027	
3.500000	ferret	1	1224	36.000000	5.064000	0.728000	1528912689	0	11676704	1647263	10272506	443305660	
3.000000	ferret	1	1224	37.000000	5.056000	0.728000	1530302035	0	11772768	1626039	10475874	443771519	
3.000000	ferret	1	1428	37.000000	5.056000	0.930000	1565354985	0	11577497	1634035	10360785	447097901	
3.000000	ferret	1	1428	37.000000	5.056000	0.930000	1561899620	0	11665372	1629792	10352832	446181822	
3.000000	ferret	1	1428	37.000000	5.056000	0.930000	1549944407	0	11597601	1616978	10262934	441716494	
2.500000	ferret	1	1479	37.000000	5.056000	0.970000	1573604704	0	11724289	1645017	10337836	446623128	
3.000000	ferret	1	1479	36.000000	5.056000	0.970000	1572654500	0	11681997	1613860	10603322	445597119	
3.000000	ferret	1	1479	37.000000	5.048000	1.049000	1573664822	0	11658777	1626508	10337242	446261582	
13.000000	fluidanimate	1	102	36.000000	5.064000	0.243000	1488701317	0	15260662	2024892	11768852	472907332	
16.500000	fluidanimate	1	102	36.000000	5.072000	0.243000	1506246814	0	15111726	2021478	11884679	479257202	
14.500000	fluidanimate	1	102	36.000000	5.072000	0.243000	1492061023	0	15183797	2036245	11766637	473811298	
12.500000	fluidanimate	1	204	36.000000	5.064000	0.364000	1453631463	0	13236281	1815941	11086048	465601983	
8.500000	fluidanimate	1	204	36.000000	5.064000	0.364000	1460967238	0	13307239	1825716	11353581	469112340	
8.500000	fluidanimate	1	204	36.000000	5.064000	0.364000	1456437872	0	13279053	1829883	11046847	466847758	
6.500000	fluidanimate	1	307	36.000000	5.064000	0.444000	1442423210	0	12670468	1752950	10959393	459929695	
6.500000	fluidanimate	1	307	36.000000	5.064000	0.444000	1450406804	0	12738965	1748485	10955635	461485920	
6.000000	fluidanimate	1	307	36.000000	5.056000	0.444000	1464119642	0	12669846	1756071	10852442	467016544	
4.500000	fluidanimate	1	403	36.000000	5.056000	0.525000	1446506661	0	12242139	1694376	10565861	459995017	
4.500000	fluidanimate	1	403	36.000000	5.056000	0.485000	1470706913	0	12421041	1717438	10782311	466358209	
4.500000	fluidanimate	1	403	36.000000	5.056000	0.485000	1457018961	0	12451608	1750162	10851217	461453301	
5.000000	fluidanimate	1	518	36.000000	5.056000	0.565000	1484046071	0	12214783	1683280	10717364	466566993	
3.500000	fluidanimate	1	518	36.000000	5.048000	0.605000	1462464290	0	12126195	1702398	10597656	460128268	
4.000000	fluidanimate	1	518	36.000000	5.056000	0.566000	1462383189	0	12134534	1710708	10546250	460056107	
3.500000	fluidanimate	1	614	36.000000	5.048000	0.646000	1471608594	0	12049729	1665373	10563904	458147734	
3.500000	fluidanimate	1	614	37.000000	5.048000	0.646000	1469680447	0	11992385	1664604	10489412	457417840	
4.000000	fluidanimate	1	614	36.000000	5.048000	0.605000	1496788614	0	12044575	1700937	10826740	465390572	
3.500000	fluidanimate	1	710	37.000000	5.048000	0.726000	1481437158	0	11960649	1671796	10323325	457352163	
3.500000	fluidanimate	1	710	37.000000	5.048000	0.686000	1490187117	0	12025655	1690026	10369027	459256450	
5.000000	fluidanimate	1	710	36.000000	5.048000	0.726000	1488239829	0	12027012	1661396	10567636	458312358	
3.500000	fluidanimate	1	921	36.000000	5.048000	0.846000	1518472025	0	11786917	1665961	10494519	457973872	
3.000000	fluidanimate	1	921	37.000000	5.048000	0.807000	1514920553	0	11757248	1640860	10427999	457675030	
2.500000	fluidanimate	1	921	36.000000	5.040000	0.846000	1507620793	0	11843524	1643604	10310790	455403663	
3.000000	fluidanimate	1	1036	37.000000	5.040000	0.887000	1530178262	0	11760408	1648038	10398851	455168157	
3.000000	fluidanimate	1	1036	37.000000	5.040000	0.927000	1539754420	0	11838580	1636973	10419719	458780455	
3.000000	fluidanimate	1	1036	37.000000	5.032000	0.967000	1532154122	0	11847635	1624539	10532946	457658581	
2.500000	fluidanimate	1	1132	37.000000	5.040000	0.927000	1541475426	0	11705054	1633320	10354237	457998295	
3.500000	fluidanimate	1	1132	37.000000	5.040000	0.927000	1529072467	0	11626209	1630931	10462803	454977811	
3.000000	fluidanimate	1	1132	37.000000	5.040000	0.927000	1550541075	0	11763902	1640098	10394878	461009216	
3.500000	fluidanimate	1	1224	37.000000	5.032000	1.167000	1567169367	0	11702200	1632327	10454373	460770478	
2.500000	fluidanimate	1	1224	37.000000	5.032000	1.127000	1570904943	0	11653982	1643874	10361098	462941411	
3.000000	fluidanimate	1	1224	37.000000	5.040000	1.086000	1561956891	0	11790167	1627466	10385718	458289281	
3.000000	fluidanimate	1	1428	38.000000	5.016000	1.527000	1580832961	0	11600200	1607751	10261329	457278138	
2.500000	fluidanimate	1	1428	38.000000	5.024000	1.406000	1566096590	0	11611659	1623806	10184654	452882832	
3.000000	fluidanimate	1	1428	38.000000	5.024000	1.527000	1583903153	0	11575906	1646138	10329358	457413915	
2.500000	fluidanimate	1	1479	37.000000	5.024000	1.366000	1585298597	0	11570293	1625196	10318426	455215559	
3.000000	fluidanimate	1	1479	38.000000	5.016000	1.484000	1576606948	0	11618466	1623019	10273149	453141389	
3.000000	fluidanimate	1	1479	38.000000	5.016000	1.564000	1590880693	0	11579031	1624322	10291711	456950687	
14.500000	freqmine	1	102	36.000000	5.072000	0.243000	1468440659	0	14947018	2017388	11701133	463313756	
17.500000	freqmine	1	102	36.000000	5.072000	0.243000	1493131815	0	15215928	2059863	11746010	462314962	
17.000000	freqmine	1	102	36.000000	5.072000	0.243000	1460179398	0	14836693	2010247	12085701	458843502	
8.000000	freqmine	1	204	36.000000	5.064000	0.364000	1449515182	0	13304358	1823667	11281842	459434174	
7.000000	freqmine	1	204	36.000000	5.064000	0.364000	1425598677	0	13104265	1788706	10901622	452975030	
7.000000	freqmine	1	204	36.000000	5.064000	0.364000	1447570562	0	13265050	1817583	11288373	459252622	
5.000000	freqmine	1	307	36.000000	5.056000	0.404000	1440220698	0	12703471	1785404	11183763	453920528	
5.500000	freqmine	1	307	36.000000	5.056000	0.404000	1419123582	0	12499285	1739223	10693864	448332896	
5.000000	freqmine	1	307	36.000000	5.056000	0.444000	1429064027	0	12679178	1730151	10863204	450646350	
4.000000	freqmine	1	403	36.000000	5.056000	0.485000	1426632970	0	12315434	1740234	10721127	448281236	
5.000000	freqmine	1	403	36.000000	5.056000	0.485000	1431987899	0	12303963	1716110	10663505	448424737	
4.500000	freqmine	1	403	36.000000	5.056000	0.485000	1439808537	0	12294127	1710409	10751803	451768574	
3.500000	freqmine	1	518	36.000000	5.048000	0.566000	1443737940	0	12090747	1671565	10402371	449116579	
4.000000	freqmine	1	518	36.000000	5.056000	0.565000	1436739946	0	11937352	1656981	10687327	447439159	
4.000000	freqmine	1	518	36.000000	5.056000	0.566000	1433347465	0	12167558	1698751	10364430	445354819	
3.000000	freqmine	1	614	36.000000	5.048000	0.605000	1449885990	0	11927549	1648277	10579996	446262007	
3.500000	freqmine	1	614	36.000000	5.048000	0.605000	1467778305	0	12005233	1677261	10451917	451891694	
3.000000	freqmine	1	614	36.000000	5.048000	0.605000	1444874612	0	11888133	1658305	10455552	445100219	
4.000000	freqmine	1	710	36.000000	5.048000	0.686000	1463059017	0	11882912	1650118	10363857	446617562	
4.000000	freqmine	1	710	36.000000	5.048000	0.686000	1472704169	0	11886564	1687228	10595498	448332345	
4.500000	freqmine	1	710	36.000000	5.048000	0.726000	1475356883	0	12059855	1661090	10918345	449313948	
3.500000	freqmine	1	921	36.000000	5.040000	0.846000	1483032608	0	11769683	1634112	10339315	443446444	
3.000000	freqmine	1	921	36.000000	5.040000	0.887000	1509100095	0	11764103	1654793	10402756	450968496	
3.500000	freqmine	1	921	36.000000	5.048000	0.807000	1485380103	0	11806722	1641957	10255702	442429926	
3.000000	freqmine	1	1036	36.000000	5.040000	0.927000	1527207396	0	11718728	1634264	10366999	452033974	
3.000000	freqmine	1	1036	36.000000	5.040000	0.927000	1506292069	0	11714033	1631525	10398644	446065426	
2.500000	freqmine	1	1036	37.000000	5.040000	0.927000	1513117621	0	11744673	1616948	10235668	446937329	
2.500000	freqmine	1	1132	37.000000	5.040000	0.887000	1516408238	0	11635701	1631332	10472631	445366898	
3.000000	freqmine	1	1132	37.000000	5.040000	0.887000	1532942381	0	11679397	1657408	10363382	451072942	
3.000000	freqmine	1	1132	37.000000	5.040000	0.887000	1531969963	0	11659551	1620647	10400687	451512550	
2.500000	freqmine	1	1224	37.000000	5.032000	1.167000	1550566077	0	11658382	1642403	10489536	451739020	
2.500000	freqmine	1	1224	37.000000	5.032000	1.046000	1528570203	0	11654796	1618285	10170596	445689640	
3.000000	freqmine	1	1224	37.000000	5.032000	1.167000	1513562806	0	11576968	1620370	10119360	441854219	
2.500000	freqmine	1	1428	38.000000	5.024000	1.406000	1549988883	0	11503957	1614892	10147500	442433337	
2.500000	freqmine	1	1428	37.000000	5.032000	1.247000	1574819699	0	11657639	1632291	10440256	450013139	
2.500000	freqmine	1	1428	37.000000	5.032000	1.247000	1559628634	0	11548152	1614915	10276631	446557469	
2.500000	freqmine	1	1479	37.000000	5.024000	1.527000	1549706718	0	11588806	1617920	10156244	441763364	
3.000000	freqmine	1	1479	38.000000	5.032000	1.368000	1565172515	0	11595412	1622974	10278510	444795659	
2.500000	freqmine	1	1479	38.000000	5.024000	1.446000	1573185095	0	11583193	1607332	10665501	447305851	
18.000000	streamcluster	1	102	35.000000	5.072000	0.243000	1428939257	0	14762145	1989997	11391387	451384290	
15.500000	streamcluster	1	102	36.000000	5.064000	0.243000	1431711986	0	14793565	1997134	11356154	450715989	
15.000000	streamcluster	1	102	36.000000	5.072000	0.243000	1417815542	0	14539432	1963947	11326710	447185693	
6.500000	streamcluster	1	204	35.000000	5.064000	0.364000	1403686145	0	13103293	1806838	10907431	445177859	
8.000000	streamcluster	1	204	36.000000	5.056000	0.364000	1392504479	0	12984475	1791178	10812145	442983987	
8.000000	streamcluster	1	204	35.000000	5.064000	0.364000	1401710915	0	13106327	1807111	10791394	444107408	
5.500000	streamcluster	1	307	36.000000	5.056000	0.485000	1386955176	0	12482389	1720438	10427562	438776234	
6.000000	streamcluster	1	307	36.000000	5.056000	0.444000	1396143523	0	12523631	1728288	10596979	442083318	
5.500000	streamcluster	1	307	36.000000	5.056000	0.444000	1390958958	0	12552468	1735841	10542958	439340092	
4.500000	streamcluster	1	403	36.000000	5.056000	0.525000	1387743984	0	12109757	1684807	10432461	436022342	
5.000000	streamcluster	1	403	36.000000	5.048000	0.524000	1407133558	0	12171743	1716536	10488713	441610589	
4.000000	streamcluster	1	403	36.000000	5.056000	0.524000	1398426345	0	12228628	1673972	10387500	439201403	
4.000000	streamcluster	1	518	36.000000	5.048000	0.605000	1416174977	0	11909424	1686250	10347196	440735461	
4.000000	streamcluster	1	518	36.000000	5.048000	0.566000	1405667118	0	11920266	1671377	10266793	437382689	
4.000000	streamcluster	1	518	36.000000	5.048000	0.605000	1394058120	0	11828124	1637017	10157152	434357380	
4.500000	streamcluster	1	614	36.000000	5.048000	0.646000	1417041341	0	11837727	1638097	10139700	436387644	
4.000000	streamcluster	1	614	36.000000	5.048000	0.686000	1412992092	0	11739889	1626821	10173746	435543397	
4.000000	streamcluster	1	614	36.000000	5.048000	0.686000	1431885057	0	11972797	1659580	10238750	440502877	
3.500000	streamcluster	1	710	36.000000	5.048000	0.807000	1418559505	0	11708917	1634595	10167711	433574679	
3.500000	streamcluster	1	710	36.000000	5.048000	0.726000	1422912697	0	11734753	1635016	10200528	434656680	
3.500000	streamcluster	1	710	36.000000	5.048000	0.767000	1438179117	0	11782352	1653493	10322762	438528715	
3.000000	streamcluster	1	921	36.000000	5.048000	0.807000	1462637511	0	11635693	1634846	10131616	437337474	
3.000000	streamcluster	1	921	36.000000	5.048000	0.848000	1462999782	0	11544868	1617601	10214110	437771245	
4.000000	streamcluster	1	921	36.000000	5.048000	0.888000	1451108101	0	11564569	1600563	10077164	434940062	
3.000000	streamcluster	1	1036	37.000000	5.048000	0.928000	1488987057	0	11515152	1616884	10325767	441035773	
3.500000	streamcluster	1	1036	36.000000	5.048000	0.928000	1463008526	0	11487254	1605767	10142467	432921258	
3.000000	streamcluster	1	1036	36.000000	5.040000	0.927000	1476244903	0	11569710	1598867	10011153	436972100	
2.500000	streamcluster	1	1132	36.000000	5.048000	0.928000	1483365187	0	11497053	1621307	10193772	437995660	
3.000000	streamcluster	1	1132	36.000000	5.040000	0.967000	1490561548	0	11622435	1616392	10126444	437208766	
3.000000	streamcluster	1	1132	36.000000	5.048000	0.928000	1479611382	0	11497166	1608896	10049380	436453114	
3.000000	streamcluster	1	1224	36.000000	5.048000	1.009000	1487249076	0	11452013	1613432	10225920	434130842	
3.000000	streamcluster	1	1224	36.000000	5.048000	1.048000	1496469465	0	11467484	1641949	10048497	437078888	
2.500000	streamcluster	1	1224	37.000000	5.048000	1.048000	1495802414	0	11550348	1612466	10129872	437809305	
2.500000	streamcluster	1	1428	37.000000	5.040000	1.288000	1541484791	0	11485802	1605603	10128903	441958745	
2.500000	streamcluster	1	1428	37.000000	5.040000	1.330000	1521587592	0	11461374	1595337	9993524	435196252	
2.500000	streamcluster	1	1428	37.000000	5.040000	1.209000	1507113103	0	11311523	1590840	9960928	432319439	
2.500000	streamcluster	1	1479	37.000000	5.032000	1.408000	1531665135	0	11445440	1591347	10125188	436325057	
2.500000	streamcluster	1	1479	37.000000	5.032000	1.368000	1540388203	0	11457659	1632871	9979560	438170480	
2.500000	streamcluster	1	1479	37.000000	5.032000	1.368000	1535296252	0	11466369	1647072	10273157	437162893	
23.000000	vips	1	102	35.000000	5.072000	0.243000	1586735550	0	15189943	2054636	13063336	498266881	
13.500000	vips	1	102	35.000000	5.072000	0.243000	1597423549	0	15322189	2080255	13012603	500175719	
23.000000	vips	1	102	35.000000	5.064000	0.243000	1607905368	0	15318581	2073777	13166164	503699834	
6.500000	vips	1	204	35.000000	5.072000	0.324000	1565399115	0	13648710	1864443	12455175	493826535	
6.000000	vips	1	204	35.000000	5.064000	0.324000	1551939704	0	13517852	1833835	12292939	492230761	
7.500000	vips	1	204	35.000000	5.072000	0.324000	1561445416	0	13517078	1866410	12460441	492461990	
5.500000	vips	1	307	35.000000	5.072000	0.365000	1545074464	0	12853049	1783363	12239550	486555093	
5.000000	vips	1	307	35.000000	5.072000	0.364000	1553232004	0	12815870	1798243	12064118	488582524	
5.500000	vips	1	307	35.000000	5.072000	0.364000	1565802097	0	12825568	1763101	12035507	493268676	
4.500000	vips	1	403	35.000000	5.072000	0.405000	1563614132	0	12500000	1717846	11899177	489601943	
5.000000	vips	1	403	35.000000	5.064000	0.445000	1555291632	0	12521207	1746618	12331970	485508139	
5.000000	vips	1	403	35.000000	5.064000	0.445000	1563857632	0	12411283	1742320	11970371	490616520	
4.500000	vips	1	518	35.000000	5.064000	0.526000	1577544691	0	12284572	1705679	11806636	488940861	
4.000000	vips	1	518	35.000000	5.064000	0.486000	1568677796	0	12285990	1709990	11825889	485815222	
4.000000	vips	1	518	35.000000	5.072000	0.446000	1581110743	0	12273534	1705275	11896375	490712436	
4.000000	vips	1	614	36.000000	5.064000	0.526000	1575802006	0	12068216	1669168	11676277	485488923	
3.500000	vips	1	614	36.000000	5.064000	0.526000	1578556663	0	12026103	1687125	11816475	485112753	
3.500000	vips	1	614	36.000000	5.064000	0.526000	1580559591	0	12150473	1673015	11811296	486426476	
3.500000	vips	1	710	35.000000	5.072000	0.526000	1609698063	0	12023260	1688465	11948646	491808790	
3.000000	vips	1	710	35.000000	5.064000	0.567000	1590515820	0	12027109	1700198	11845369	484861683	
4.000000	vips	1	710	35.000000	5.064000	0.567000	1599097657	0	12049259	1675724	11756287	488178131	
2.500000	vips	1	921	35.000000	5.056000	0.687000	1625150389	0	11871635	1681335	11701165	485740016	
3.500000	vips	1	921	35.000000	5.056000	0.687000	1621793252	0	11961142	1665288	11650130	484600267	
3.000000	vips	1	921	36.000000	5.064000	0.648000	1622870067	0	11891108	1645951	11657939	485852788	
2.500000	vips	1	1036	36.000000	5.056000	0.728000	1642430472	0	11941945	1683957	11816103	486391416	
2.500000	vips	1	1036	36.000000	5.056000	0.728000	1651718847	0	11839127	1647863	11724402	489556716	
3.000000	vips	1	1036	35.000000	5.064000	0.729000	1637872226	0	11959981	1646586	11674771	484900610	
2.500000	vips	1	1132	35.000000	5.056000	0.768000	1643515275	0	11932033	1641410	11598959	485711518	
2.500000	vips	1	1132	36.000000	5.056000	0.768000	1651433280	0	11848691	1644489	11887846	486772164	
2.500000	vips	1	1132	36.000000	5.056000	0.728000	1639082665	0	11686787	1632032	11693139	483509420	
3.000000	vips	1	1224	36.000000	5.056000	0.889000	1662936553	0	11827604	1642219	11675715	485164389	
2.500000	vips	1	1224	36.000000	5.056000	0.889000	1659000350	0	11862418	1639717	11793533	484447018	
2.500000	vips	1	1224	37.000000	5.056000	0.849000	1661858068	0	11766660	1648972	11793060	484658792	
2.500000	vips	1	1428	36.000000	5.048000	1.130000	1687529977	0	11708464	1642504	11519501	484664463	
3.000000	vips	1	1428	36.000000	5.048000	1.130000	1683449455	0	11654205	1633033	11544361	484856117	
3.000000	vips	1	1428	36.000000	5.048000	1.130000	1692567728	0	11729017	1674876	11554871	485690939	
2.500000	vips	1	1479	37.000000	5.048000	1.211000	1705164721	0	11835698	1641403	11781863	486585844	
3.000000	vips	1	1479	36.000000	5.040000	1.249000	1694267617	0	11615991	1646353	11653462	483963376	
2.500000	vips	1	1479	37.000000	5.040000	1.249000	1693110829	0	11724987	1657291	11536514	482992586	
17.500000	x264	1	102	36.000000	5.072000	0.243000	1441089425	0	15062594	1997375	11477699	454015066	
13.500000	x264	1	102	35.000000	5.072000	0.243000	1431083173	0	14886736	1999886	11384497	451016298	
19.000000	x264	1	102	35.000000	5.072000	0.243000	1441671702	0	14973479	1996574	11724669	454354950	
7.000000	x264	1	204	35.000000	5.064000	0.324000	1407371709	0	13245074	1816097	11006092	446279712	
7.000000	x264	1	204	35.000000	5.072000	0.324000	1409472703	0	13185272	1828621	10895084	446062617	
7.000000	x264	1	204	35.000000	5.072000	0.324000	1404368461	0	13251359	1818975	10802366	444144951	
5.500000	x264	1	307	35.000000	5.072000	0.365000	1401055742	0	12645714	1744361	10641069	442985426	
5.500000	x264	1	307	35.000000	5.072000	0.365000	1407961655	0	12722335	1745141	10582691	444263318	
6.000000	x264	1	307	35.000000	5.072000	0.365000	1404356562	0	12646555	1742004	10688513	443455416	
4.500000	x264	1	403	35.000000	5.072000	0.405000	1421937200	0	12262939	1700425	10491051	446457999	
4.500000	x264	1	403	35.000000	5.072000	0.405000	1405234290	0	12303755	1701637	10420773	440392583	
5.000000	x264	1	403	35.000000	5.072000	0.405000	1412552157	0	12427514	1703479	10532701	442296327	
4.000000	x264	1	518	35.000000	5.072000	0.446000	1426065121	0	12131327	1669760	10425962	441894828	
4.000000	x264	1	518	35.000000	5.072000	0.446000	1438264479	0	12098239	1698987	10591086	446233052	
4.000000	x264	1	518	35.000000	5.072000	0.446000	1423994898	0	12091505	1685891	10553508	441622020	
4.000000	x264	1	614	35.000000	5.072000	0.486000	1430069876	0	11970125	1665675	10244328	439376614	
3.500000	x264	1	614	35.000000	5.072000	0.446000	1440778218	0	12013522	1667836	10545058	442604109	
3.500000	x264	1	614	35.000000	5.072000	0.486000	1433132768	0	11918268	1663259	10224402	440338317	
3.000000	x264	1	710	35.000000	5.064000	0.486000	1437415594	0	11984836	1658009	10199683	437774470	
3.500000	x264	1	710	35.000000	5.064000	0.526000	1442468006	0	11848086	1638174	10254482	440461166	
3.000000	x264	1	710	35.000000	5.064000	0.526000	1442007165	0	11939872	1641558	10180242	439210285	
3.000000	x264	1	921	36.000000	5.064000	0.567000	1470931458	0	11774716	1646673	10315630	440341254	
3.000000	x264	1	921	35.000000	5.064000	0.567000	1470347527	0	11783835	1633059	10257012	439346129	
2.500000	x264	1	921	36.000000	5.064000	0.567000	1460764309	0	11677843	1635152	10107035	435964929	
3.000000	x264	1	1036	36.000000	5.064000	0.607000	1483367667	0	11731870	1632348	10218618	438195569	
3.000000	x264	1	1036	35.000000	5.064000	0.607000	1486344211	0	11614108	1632781	10159266	439159002	
3.000000	x264	1	1036	35.000000	5.064000	0.648000	1492220540	0	11721189	1632402	10522795	440085699	
3.000000	x264	1	1132	36.000000	5.064000	0.648000	1492925049	0	11674485	1630821	10041614	438142150	
3.000000	x264	1	1132	35.000000	5.064000	0.648000	1494575113	0	11629318	1619662	10230242	439058433	
3.000000	x264	1	1132	36.000000	5.064000	0.648000	1501155338	0	11695419	1660360	10274153	440891418	
3.000000	x264	1	1224	36.000000	5.064000	0.729000	1503300783	0	11586832	1648800	10276844	438747155	
3.000000	x264	1	1224	35.000000	5.064000	0.728000	1524806278	0	11583202	1632648	10227145	444565903	
2.500000	x264	1	1224	36.000000	5.064000	0.728000	1503915865	0	11631921	1630669	10184541	437444229	
3.000000	x264	1	1428	36.000000	5.056000	0.930000	1524949777	0	11528142	1602532	10075221	436090786	
3.000000	x264	1	1428	37.000000	5.048000	0.928000	1557712375	0	11574974	1624461	10279870	444972895	
2.500000	x264	1	1428	36.000000	5.056000	0.930000	1530104099	0	11548574	1619248	10167566	436517722	
2.500000	x264	1	1479	37.000000	5.056000	0.970000	1545712712	0	11630446	1633475	10195274	439053609	
3.000000	x264	1	1479	36.000000	5.048000	0.969000	1553031272	0	11673175	1617993	10313516	439940985	
2.500000	x264	1	1479	36.000000	5.056000	0.970000	1529184110	0	11645605	1602859	9976153	434882055	
