Run Duration (ms)	Benchmark	Run(#)	CPU Frequency (MHz)	CPU Temperature(C)	Voltage[V]	Power[W]	CPU_CYCLES	PC_WRITE_SPEC	CRYPTO_SPEC	BR_IMMED_SPEC	BR_RETURN_SPEC	BR_INDIRECT_SPEC
22.000000	blackscholes	1	102	33.000000	5.072000	0.202000	1453611352	232737642	0	202739045	25129615	29962717	
14.000000	blackscholes	1	102	33.000000	5.072000	0.243000	1450752436	232836899	0	202826024	25155987	29974995	
14.500000	blackscholes	1	102	33.000000	5.072000	0.243000	1437611716	230907888	0	201247912	24815135	29624099	
7.500000	blackscholes	1	204	33.000000	5.064000	0.364000	1405188957	227448607	0	198328432	24324431	29084316	
12.000000	blackscholes	1	204	33.000000	5.064000	0.364000	1406997095	229270636	0	199891923	24576789	29342833	
7.000000	blackscholes	1	204	33.000000	5.064000	0.364000	1401637522	227079072	0	198034045	24249781	29009149	
5.000000	blackscholes	1	307	33.000000	5.056000	0.485000	1396994341	226664445	0	197683933	24205312	28944656	
5.000000	blackscholes	1	307	33.000000	5.056000	0.444000	1409490289	228169404	0	198940568	24450086	29192978	
5.000000	blackscholes	1	307	33.000000	5.056000	0.444000	1405484302	227587121	0	198504964	24304937	29046286	
4.500000	blackscholes	1	403	33.000000	5.056000	0.525000	1398622633	225960177	0	197137831	24056057	28786476	
4.500000	blackscholes	1	403	33.000000	5.056000	0.525000	1400048044	224670199	0	196066439	23835621	28567892	
4.000000	blackscholes	1	403	33.000000	5.056000	0.525000	1416265721	228225317	0	199029028	24423759	29160398	
3.500000	blackscholes	1	518	33.000000	5.056000	0.606000	1434384928	229386992	0	200000281	24621662	29350840	
4.000000	blackscholes	1	518	33.000000	5.056000	0.606000	1417488264	227140556	0	198099704	24274495	29004994	
5.000000	blackscholes	1	518	33.000000	5.056000	0.606000	1420847593	227258151	0	198209106	24283059	29013181	
4.000000	blackscholes	1	614	33.000000	5.048000	0.687000	1417258122	224381057	0	195807402	23816220	28537788	
3.500000	blackscholes	1	614	33.000000	5.056000	0.647000	1424185690	224614874	0	195971342	23883848	28607656	
3.500000	blackscholes	1	614	33.000000	5.048000	0.646000	1429650735	225938070	0	197098647	24083050	28803552	
4.000000	blackscholes	1	710	33.000000	5.048000	0.726000	1453493014	227925263	0	198663344	24499379	29226056	
4.000000	blackscholes	1	710	33.000000	5.048000	0.726000	1425138512	223015908	0	194618303	23645255	28361747	
3.500000	blackscholes	1	710	33.000000	5.048000	0.726000	1446103897	226838255	0	197861508	24220555	28940882	
3.000000	blackscholes	1	921	33.000000	5.048000	0.848000	1474068490	226321720	0	197384487	24183756	28901360	
3.500000	blackscholes	1	921	33.000000	5.048000	0.848000	1460553206	223912824	0	195346293	23819192	28530663	
3.000000	blackscholes	1	921	33.000000	5.040000	0.846000	1481954414	228431056	0	199148529	24527057	29246657	
3.000000	blackscholes	1	1036	33.000000	5.048000	0.928000	1466120537	222798790	0	194446743	23605669	28316179	
3.000000	blackscholes	1	1036	34.000000	5.040000	0.846000	1485802604	225969192	0	197109234	24111528	28824089	
3.500000	blackscholes	1	1036	33.000000	5.048000	0.969000	1482042786	225028910	0	196357612	23925543	28635426	
3.000000	blackscholes	1	1132	33.000000	5.040000	0.927000	1474294398	222849143	0	194529677	23572922	28283607	
3.000000	blackscholes	1	1132	33.000000	5.048000	0.888000	1475674295	222865431	0	194480027	23634840	28349536	
3.000000	blackscholes	1	1132	34.000000	5.048000	0.927000	1475510217	222966770	0	194576608	23642534	28354304	
3.000000	blackscholes	1	1224	34.000000	5.040000	1.088000	1506635178	225728074	0	196934495	24044132	28757717	
3.000000	blackscholes	1	1224	34.000000	5.040000	1.048000	1502243295	224672373	0	196069212	23853647	28567290	
3.500000	blackscholes	1	1224	34.000000	5.040000	1.088000	1517929824	228165306	0	198937020	24470946	29192417	
3.000000	blackscholes	1	1428	34.000000	5.032000	1.207000	1530949239	224954267	0	196228813	23978018	28689585	
2.500000	blackscholes	1	1428	34.000000	5.040000	1.330000	1531291885	225422960	0	196620796	24051718	28766294	
3.000000	blackscholes	1	1428	35.000000	5.040000	1.368000	1532647134	225855449	0	197033230	24068966	28786351	
3.500000	blackscholes	1	1479	35.000000	5.032000	1.449000	1528189735	223241491	0	194814362	23680187	28391261	
2.500000	blackscholes	1	1479	34.000000	5.032000	1.408000	1530759173	222668368	0	194347675	23576446	28284824	
3.500000	blackscholes	1	1479	34.000000	5.032000	1.408000	1534569131	224366821	0	195793063	23825816	28537885	
19.500000	bodytrack	1	102	33.000000	5.072000	0.243000	1682603226	276726455	0	245920661	25856916	30767530	
17.500000	bodytrack	1	102	33.000000	5.072000	0.243000	1694166958	279228090	0	247991498	26285336	31198342	
19.500000	bodytrack	1	102	33.000000	5.072000	0.243000	1668558407	274533492	0	244087994	25497905	30407241	
7.000000	bodytrack	1	204	33.000000	5.072000	0.324000	1642188005	273087356	0	242940560	25256502	30108547	
7.500000	bodytrack	1	204	33.000000	5.072000	0.324000	1646598919	273358336	0	243114218	25352977	30205889	
6.500000	bodytrack	1	204	33.000000	5.072000	0.324000	1639208872	273225576	0	242984338	25352676	30202984	
5.000000	bodytrack	1	307	33.000000	5.072000	0.365000	1631869446	270597367	0	240855344	24871178	29703806	
5.500000	bodytrack	1	307	33.000000	5.064000	0.364000	1640536929	271613817	0	241695151	25051660	29880432	
5.500000	bodytrack	1	307	33.000000	5.064000	0.364000	1643068887	272954213	0	242833745	25257671	30082232	
4.500000	bodytrack	1	403	33.000000	5.064000	0.405000	1640649161	270376217	0	240654213	24868124	29683798	
4.500000	bodytrack	1	403	33.000000	5.064000	0.405000	1647435842	273222857	0	243030437	25334330	30154196	
4.500000	bodytrack	1	403	33.000000	5.064000	0.405000	1648209009	272488708	0	242440972	25188573	30009511	
5.000000	bodytrack	1	518	33.000000	5.064000	0.486000	1668929604	273709471	0	243422693	25427702	30248562	
5.000000	bodytrack	1	518	33.000000	5.064000	0.486000	1660728932	271639010	0	241663233	25121393	29937557	
4.000000	bodytrack	1	518	33.000000	5.064000	0.445000	1655809322	271029100	0	241208092	24972515	29782803	
3.500000	bodytrack	1	614	33.000000	5.064000	0.526000	1665835162	270569596	0	240781535	24942355	29749863	
3.500000	bodytrack	1	614	33.000000	5.064000	0.526000	1650634781	267798046	0	238491612	24463681	29268236	
3.000000	bodytrack	1	614	33.000000	5.064000	0.526000	1656559711	268677601	0	239265753	24570799	29373628	
3.000000	bodytrack	1	710	33.000000	5.064000	0.567000	1677786827	269959442	0	240323083	24793640	29598160	
3.000000	bodytrack	1	710	34.000000	5.064000	0.567000	1670948247	268337963	0	238967467	24528669	29332269	
3.500000	bodytrack	1	710	33.000000	5.064000	0.567000	1665618851	268071252	0	238736677	24493476	29296363	
3.000000	bodytrack	1	921	33.000000	5.056000	0.728000	1699773354	268099049	0	238784596	24477435	29276257	
3.500000	bodytrack	1	921	33.000000	5.056000	0.687000	1719555418	271683597	0	241753621	25086414	29891759	
3.000000	bodytrack	1	921	33.000000	5.056000	0.728000	1695997329	267566979	0	238327147	24403520	29201628	
3.000000	bodytrack	1	1036	33.000000	5.048000	0.848000	1717765893	268134036	0	238801053	24500189	29294759	
3.000000	bodytrack	1	1036	33.000000	5.056000	0.849000	1723291085	268967349	0	239440106	24691778	29489036	
3.000000	bodytrack	1	1036	33.000000	5.048000	0.848000	1737014662	271299769	0	241444821	25015064	29816725	
3.000000	bodytrack	1	1132	33.000000	5.048000	0.848000	1725680929	268458466	0	239016201	24613119	29404063	
3.000000	bodytrack	1	1132	33.000000	5.048000	0.848000	1744304004	272312059	0	242223772	25252555	30050071	
3.000000	bodytrack	1	1132	34.000000	5.048000	0.848000	1732872926	270519972	0	240728669	24955888	29753093	
3.000000	bodytrack	1	1224	33.000000	5.048000	0.969000	1741509350	268079273	0	238714618	24534335	29326445	
2.500000	bodytrack	1	1224	34.000000	5.048000	0.928000	1741005103	267980107	0	238688111	24461720	29253780	
3.000000	bodytrack	1	1224	33.000000	5.048000	0.928000	1741566912	268282573	0	238912979	24538713	29331389	
3.000000	bodytrack	1	1428	35.000000	5.040000	1.209000	1768912181	268164025	0	238831032	24502440	29294788	
3.000000	bodytrack	1	1428	35.000000	5.040000	1.169000	1766717642	267530772	0	238245538	24457355	29247034	
3.000000	bodytrack	1	1428	34.000000	5.040000	1.169000	1774660143	269856425	0	240152485	24872092	29665734	
2.500000	bodytrack	1	1479	34.000000	5.040000	1.290000	1779803658	267402527	0	238200542	24372945	29163751	
2.500000	bodytrack	1	1479	35.000000	5.040000	1.290000	1773469604	267907064	0	238585294	24490564	29283552	
2.500000	bodytrack	1	1479	34.000000	5.032000	1.328000	1778282277	268721963	0	239235558	24655782	29448184	
15.500000	dedup	1	102	33.000000	5.072000	0.243000	1448439829	233123581	0	202932078	25139080	30155548	
17.500000	dedup	1	102	33.000000	5.072000	0.243000	1442204407	231600805	0	201681219	24870723	29883617	
15.500000	dedup	1	102	33.000000	5.072000	0.243000	1442420684	231564351	0	201610591	24907709	29917804	
7.500000	dedup	1	204	33.000000	5.064000	0.364000	1426529345	230974644	0	201221238	24749646	29717461	
10.000000	dedup	1	204	33.000000	5.064000	0.364000	1435018935	234239681	0	203943702	25294311	30260023	
8.000000	dedup	1	204	33.000000	5.064000	0.364000	1420037587	230805481	0	201072218	24734837	29697313	
5.000000	dedup	1	307	33.000000	5.056000	0.485000	1400233521	226925051	0	197770363	24180218	29118740	
5.000000	dedup	1	307	33.000000	5.064000	0.445000	1404644528	227772747	0	198516327	24274516	29220492	
5.000000	dedup	1	307	33.000000	5.056000	0.444000	1406542719	228144207	0	198867410	24297839	29240850	
4.500000	dedup	1	403	33.000000	5.056000	0.525000	1413650863	227976904	0	198638432	24369661	29302543	
4.500000	dedup	1	403	33.000000	5.056000	0.525000	1428884344	230310297	0	200571402	24759879	29702965	
6.000000	dedup	1	403	33.000000	5.056000	0.525000	1415557185	228315776	0	198974117	24367193	29305726	
3.500000	dedup	1	518	33.000000	5.056000	0.566000	1429082046	228381205	0	199042716	24374093	29302548	
4.000000	dedup	1	518	33.000000	5.056000	0.606000	1425995009	228115908	0	198760287	24389364	29319685	
3.500000	dedup	1	518	33.000000	5.056000	0.566000	1428637971	227580732	0	198325192	24291950	29219588	
5.500000	dedup	1	614	33.000000	5.056000	0.647000	1439515573	228175802	0	198883660	24331429	29256203	
3.500000	dedup	1	614	33.000000	5.048000	0.647000	1440256126	227819522	0	198514050	24343101	29269534	
3.500000	dedup	1	614	33.000000	5.056000	0.646000	1444090856	228731475	0	199239950	24530675	29455556	
3.000000	dedup	1	710	33.000000	5.048000	0.726000	1445476522	227123827	0	197906522	24258227	29181379	
3.500000	dedup	1	710	33.000000	5.048000	0.726000	1455249398	228570673	0	199138542	24474859	29396196	
3.000000	dedup	1	710	33.000000	5.048000	0.726000	1460361333	229600440	0	200043827	24597771	29520683	
3.000000	dedup	1	921	34.000000	5.040000	0.887000	1499488074	231071980	0	201284694	24828746	29751344	
2.500000	dedup	1	921	33.000000	5.048000	0.807000	1486946779	227758253	0	198493620	24312757	29228708	
3.000000	dedup	1	921	33.000000	5.040000	0.848000	1482289778	227487743	0	198249050	24284307	29202748	
3.000000	dedup	1	1036	33.000000	5.040000	0.967000	1505322633	228313370	0	198966443	24390519	29310976	
3.000000	dedup	1	1036	33.000000	5.040000	1.008000	1519839527	231545264	0	201625285	24959315	29884034	
3.000000	dedup	1	1036	34.000000	5.040000	0.927000	1506840208	228839573	0	199404642	24484115	29398988	
4.500000	dedup	1	1132	33.000000	5.040000	1.008000	1500371607	226915848	0	197754427	24211307	29125488	
3.000000	dedup	1	1132	33.000000	5.040000	0.967000	1503502272	226693821	0	197588672	24152289	29069203	
3.000000	dedup	1	1132	33.000000	5.040000	0.927000	1500601882	227317360	0	198072186	24293404	29209231	
2.500000	dedup	1	1224	34.000000	5.040000	1.048000	1520889621	226465362	0	197420794	24098473	29008625	
2.500000	dedup	1	1224	34.000000	5.040000	1.128000	1540019045	230966257	0	201248066	24761831	29682249	
3.000000	dedup	1	1224	34.000000	5.040000	1.048000	1526960421	227890256	0	198681363	24254704	29172951	
3.000000	dedup	1	1428	34.000000	5.032000	1.408000	1553079385	227613404	0	198335546	24330055	29241927	
2.500000	dedup	1	1428	34.000000	5.032000	1.408000	1559589300	230079909	0	200473598	24654843	29570359	
2.500000	dedup	1	1428	34.000000	5.032000	1.328000	1549649023	226875740	0	197728597	24199851	29111201	
3.000000	dedup	1	1479	35.000000	5.032000	1.449000	1553973163	226873388	0	197731377	24190827	29106066	
2.500000	dedup	1	1479	34.000000	5.032000	1.408000	1560780749	227612223	0	198420601	24241882	29155686	
2.500000	dedup	1	1479	35.000000	5.032000	1.489000	1556406122	226972074	0	197869133	24157390	29066988	
15.500000	ferret	1	102	33.000000	5.072000	0.243000	1470787987	234987291	0	204849987	25230467	30101215	
15.000000	ferret	1	102	33.000000	5.072000	0.243000	1469151718	234761682	0	204762490	25094063	29963095	
16.000000	ferret	1	102	32.000000	5.072000	0.243000	1454554311	232545724	0	202877459	24765953	29632164	
6.500000	ferret	1	204	32.000000	5.072000	0.324000	1441786793	233102321	0	203408709	24847387	29657509	
6.500000	ferret	1	204	33.000000	5.072000	0.324000	1443143672	233564150	0	203721539	24996972	29806514	
6.500000	ferret	1	204	33.000000	5.072000	0.324000	1440873688	232357359	0	202795567	24712312	29525691	
7.000000	ferret	1	307	33.000000	5.072000	0.405000	1426822004	230512024	0	201252488	24436854	29223461	
7.000000	ferret	1	307	33.000000	5.072000	0.365000	1437144780	231262365	0	201906880	24531428	29319403	
5.500000	ferret	1	307	33.000000	5.072000	0.365000	1424150074	229117165	0	200110898	24183667	28970187	
5.500000	ferret	1	403	33.000000	5.072000	0.405000	1444926324	231358639	0	201964789	24571052	29357766	
4.500000	ferret	1	403	33.000000	5.072000	0.405000	1437897652	229879691	0	200722072	24338137	29121534	
6.500000	ferret	1	403	33.000000	5.072000	0.405000	1442858858	230867142	0	201474533	24571732	29356529	
4.000000	ferret	1	518	33.000000	5.072000	0.446000	1444927061	228804034	0	199830681	24164126	28937260	
4.000000	ferret	1	518	33.000000	5.072000	0.446000	1449079419	229418424	0	200320160	24292877	29062188	
3.500000	ferret	1	518	33.000000	5.072000	0.446000	1435471199	227018603	0	198264213	23945908	28718292	
3.500000	ferret	1	614	33.000000	5.072000	0.486000	1457183303	228820479	0	199798391	24211964	28986015	
3.500000	ferret	1	614	33.000000	5.072000	0.446000	1459073415	229263059	0	200180580	24274313	29046397	
3.500000	ferret	1	614	33.000000	5.072000	0.446000	1461158405	229532122	0	200470174	24258136	29025866	
3.000000	ferret	1	710	33.000000	5.072000	0.486000	1475182949	229347093	0	200269212	24276629	29041795	
3.000000	ferret	1	710	33.000000	5.072000	0.486000	1466866905	228523549	0	199522539	24201750	28964926	
3.500000	ferret	1	710	33.000000	5.072000	0.486000	1467181209	228266282	0	199331644	24134247	28898561	
3.000000	ferret	1	921	33.000000	5.064000	0.567000	1507423267	229572872	0	200498005	24273113	29038784	
2.500000	ferret	1	921	33.000000	5.064000	0.568000	1501168954	228714542	0	199792249	24125720	28886215	
3.000000	ferret	1	921	33.000000	5.064000	0.567000	1506057877	230633325	0	201347013	24486487	29250228	
3.000000	ferret	1	1036	33.000000	5.064000	0.607000	1525052051	229994013	0	200802992	24395249	29154948	
3.000000	ferret	1	1036	33.000000	5.064000	0.648000	1529797479	231021205	0	201621926	24598576	29363200	
3.000000	ferret	1	1036	33.000000	5.064000	0.648000	1517866024	228978292	0	199997602	24184569	28944611	
2.500000	ferret	1	1132	33.000000	5.064000	0.687000	1531311085	229292597	0	200249096	24247883	29007420	
2.500000	ferret	1	1132	33.000000	5.064000	0.648000	1518110764	228226653	0	199339162	24094502	28851414	
3.000000	ferret	1	1132	33.000000	5.064000	0.648000	1524754986	229279376	0	200261388	24222656	28981903	
3.000000	ferret	1	1224	33.000000	5.064000	0.729000	1546938887	231087476	0	201747570	24541310	29303814	
3.000000	ferret	1	1224	33.000000	5.064000	0.729000	1542889388	229021308	0	200043463	24184041	28941753	
3.000000	ferret	1	1224	34.000000	5.064000	0.729000	1539998066	228758051	0	199834006	24128394	28887964	
2.500000	ferret	1	1428	33.000000	5.056000	0.930000	1559931857	226897862	0	198293151	23817536	28568618	
2.500000	ferret	1	1428	34.000000	5.056000	0.930000	1559992412	227010324	0	198373837	23847092	28600390	
3.500000	ferret	1	1428	34.000000	5.056000	0.930000	1559933412	227584621	0	198831420	23964011	28717129	
3.000000	ferret	1	1479	34.000000	5.056000	0.970000	1564984807	227750645	0	198923454	24031888	28791115	
3.000000	ferret	1	1479	33.000000	5.056000	0.970000	1583277052	229417193	0	200289389	24335625	29091726	
3.000000	ferret	1	1479	34.000000	5.048000	1.009000	1576504124	228489092	0	199529783	24162075	28923221	
19.500000	fluidanimate	1	102	33.000000	5.072000	0.243000	1482628550	240801354	0	209907480	25472869	30857852	
13.500000	fluidanimate	1	102	32.000000	5.072000	0.243000	1485422905	240033682	0	209177382	25431489	30820295	
14.500000	fluidanimate	1	102	33.000000	5.072000	0.243000	1487456436	240258292	0	209391894	25444569	30830377	
8.500000	fluidanimate	1	204	33.000000	5.064000	0.364000	1459623614	239395660	0	208756860	25268069	30602800	
9.500000	fluidanimate	1	204	33.000000	5.064000	0.364000	1458556813	239618139	0	208911147	25345370	30670991	
9.500000	fluidanimate	1	204	33.000000	5.064000	0.364000	1445950743	236738908	0	206550635	24820543	30152272	
6.000000	fluidanimate	1	307	33.000000	5.064000	0.405000	1441789805	235648460	0	205578575	24721601	30033889	
5.000000	fluidanimate	1	307	33.000000	5.064000	0.445000	1451343589	237480740	0	207144408	24988475	30300333	
5.500000	fluidanimate	1	307	33.000000	5.064000	0.445000	1448082441	236562200	0	206400083	24817378	30126117	
4.500000	fluidanimate	1	403	33.000000	5.056000	0.525000	1450923537	236708573	0	206534505	24839379	30138072	
5.000000	fluidanimate	1	403	33.000000	5.056000	0.525000	1459290732	237447998	0	207094779	25019118	30317218	
4.500000	fluidanimate	1	403	33.000000	5.056000	0.485000	1461133085	238342863	0	207893744	25113684	30413120	
4.000000	fluidanimate	1	518	33.000000	5.056000	0.566000	1457961873	234589500	0	204765814	24491136	29787688	
4.000000	fluidanimate	1	518	33.000000	5.056000	0.566000	1455695321	235853900	0	205823002	24703974	29994898	
4.000000	fluidanimate	1	518	33.000000	5.056000	0.606000	1464889618	236073316	0	206000202	24741395	30037109	
3.500000	fluidanimate	1	614	33.000000	5.056000	0.606000	1477239961	235686305	0	205682244	24678837	29968066	
3.500000	fluidanimate	1	614	33.000000	5.048000	0.647000	1479215883	236704504	0	206536990	24840958	30131520	
3.500000	fluidanimate	1	614	33.000000	5.056000	0.647000	1467376747	233783247	0	204040587	24417202	29706661	
4.000000	fluidanimate	1	710	33.000000	5.056000	0.686000	1486150360	235329779	0	205393735	24613880	29900039	
3.500000	fluidanimate	1	710	33.000000	5.056000	0.687000	1489708942	235681002	0	205671958	24685537	29973050	
3.500000	fluidanimate	1	710	33.000000	5.048000	0.686000	1491698651	236306657	0	206166429	24817636	30104233	
3.500000	fluidanimate	1	921	33.000000	5.048000	0.848000	1528503326	237408927	0	207065499	25023167	30307427	
3.000000	fluidanimate	1	921	33.000000	5.048000	0.807000	1535657528	239041972	0	208395447	25323224	30610526	
4.500000	fluidanimate	1	921	33.000000	5.048000	0.807000	1527843270	237190462	0	206926973	24939084	30227492	
3.000000	fluidanimate	1	1036	33.000000	5.048000	0.848000	1549649890	237188437	0	206966954	24900900	30185486	
3.000000	fluidanimate	1	1036	33.000000	5.040000	0.887000	1527163488	233334492	0	203659340	24357859	29639149	
3.000000	fluidanimate	1	1036	34.000000	5.040000	0.927000	1527991871	233878894	0	204190717	24373601	29652184	
2.500000	fluidanimate	1	1132	33.000000	5.048000	0.928000	1536218669	234605376	0	204778290	24511304	29791086	
3.500000	fluidanimate	1	1132	33.000000	5.048000	0.888000	1538777439	234800846	0	204906872	24581728	29857981	
3.000000	fluidanimate	1	1132	34.000000	5.040000	0.927000	1535634420	234181271	0	204394348	24476080	29750942	
3.000000	fluidanimate	1	1224	34.000000	5.040000	1.128000	1559623893	235249256	0	205265883	24671997	29947372	
2.500000	fluidanimate	1	1224	33.000000	5.040000	1.048000	1560611557	235818805	0	205773500	24730809	30009318	
2.500000	fluidanimate	1	1224	34.000000	5.032000	1.128000	1551772068	234579425	0	204779571	24487557	29763857	
2.500000	fluidanimate	1	1428	34.000000	5.024000	1.406000	1591752178	236874568	0	206616866	24944092	30221707	
3.000000	fluidanimate	1	1428	34.000000	5.024000	1.487000	1592931698	237090061	0	206863974	24912622	30190087	
2.500000	fluidanimate	1	1428	34.000000	5.032000	1.328000	1576851137	233925082	0	204178460	24436624	29710628	
2.500000	fluidanimate	1	1479	34.000000	5.024000	1.567000	1607582328	238028573	0	207594401	25117468	30398173	
2.500000	fluidanimate	1	1479	35.000000	5.024000	1.527000	1597660824	236316173	0	206189399	24810268	30090779	
2.500000	fluidanimate	1	1479	35.000000	5.024000	1.647000	1592280137	235157806	0	205208103	24636472	29913707	
14.000000	freqmine	1	102	33.000000	5.072000	0.243000	1468086048	238242919	0	208328335	25050140	29878652	
20.000000	freqmine	1	102	32.000000	5.072000	0.243000	1464123787	236858210	0	207210965	24782715	29611311	
21.000000	freqmine	1	102	33.000000	5.072000	0.243000	1486937550	240949613	0	210611381	25466415	30302289	
8.000000	freqmine	1	204	32.000000	5.064000	0.324000	1430803804	234336946	0	205110428	24420834	29190591	
7.000000	freqmine	1	204	33.000000	5.064000	0.324000	1427591811	235023987	0	205680849	24540633	29307211	
8.000000	freqmine	1	204	33.000000	5.064000	0.324000	1444695696	236698183	0	207152358	24739466	29509893	
5.500000	freqmine	1	307	33.000000	5.056000	0.444000	1430380699	234012418	0	204932473	24294158	29044024	
6.000000	freqmine	1	307	33.000000	5.056000	0.405000	1430256011	233759048	0	204637856	24333181	29085266	
5.000000	freqmine	1	307	33.000000	5.056000	0.444000	1443372607	236465371	0	206944483	24731294	29484966	
4.500000	freqmine	1	403	33.000000	5.056000	0.485000	1440597833	235050992	0	205756648	24511459	29258419	
4.500000	freqmine	1	403	32.000000	5.056000	0.485000	1437036384	234109608	0	204965043	24367960	29108637	
4.000000	freqmine	1	403	33.000000	5.056000	0.485000	1440846350	234005965	0	204835755	24393484	29134281	
3.500000	freqmine	1	518	33.000000	5.056000	0.566000	1442947103	232166200	0	203298712	24096396	28831566	
4.000000	freqmine	1	518	32.000000	5.056000	0.566000	1434647132	232077092	0	203255115	24055786	28786053	
4.000000	freqmine	1	518	33.000000	5.048000	0.726000	1463316069	233509547	0	204424542	24309049	29049041	
3.500000	freqmine	1	614	33.000000	5.048000	0.646000	1482254354	234589491	0	205337869	24477768	29215663	
3.500000	freqmine	1	614	33.000000	5.056000	0.647000	1460693973	233208208	0	204214204	24231771	28958076	
3.500000	freqmine	1	614	33.000000	5.056000	0.606000	1449757143	231499673	0	202784951	23954548	28678798	
3.500000	freqmine	1	710	33.000000	5.048000	0.686000	1472453519	233173520	0	204155592	24256175	28982003	
4.500000	freqmine	1	710	33.000000	5.048000	0.686000	1462285517	231366408	0	202640967	23963357	28689521	
3.000000	freqmine	1	710	33.000000	5.048000	0.686000	1468564918	232194911	0	203329648	24101684	28829337	
3.500000	freqmine	1	921	33.000000	5.048000	0.887000	1488221594	230984227	0	202370355	23855594	28577948	
3.500000	freqmine	1	921	33.000000	5.048000	0.807000	1503888741	233496114	0	204444394	24293749	29015796	
3.000000	freqmine	1	921	33.000000	5.048000	0.807000	1505054027	234006334	0	204865530	24379145	29104883	
2.500000	freqmine	1	1036	33.000000	5.048000	0.888000	1511606187	231392775	0	202657394	23977670	28699456	
3.000000	freqmine	1	1036	33.000000	5.040000	0.967000	1512634320	232199099	0	203390728	24055406	28772442	
3.000000	freqmine	1	1036	34.000000	5.040000	0.887000	1514401204	232308255	0	203471587	24083773	28800743	
2.500000	freqmine	1	1132	34.000000	5.040000	0.967000	1519690114	231794095	0	203053754	23985890	28704417	
3.000000	freqmine	1	1132	34.000000	5.040000	0.927000	1511729009	230929047	0	202302229	23869174	28590900	
2.500000	freqmine	1	1132	34.000000	5.040000	0.967000	1534050458	234414075	0	205219103	24436478	29159051	
3.000000	freqmine	1	1224	34.000000	5.040000	1.128000	1532017223	231795143	0	203038935	24004131	28720287	
3.000000	freqmine	1	1224	34.000000	5.040000	1.008000	1541041515	233200341	0	204213739	24228678	28950684	
3.000000	freqmine	1	1224	34.000000	5.040000	1.048000	1530412880	231098140	0	202470482	23873157	28591738	
2.500000	freqmine	1	1428	34.000000	5.024000	1.366000	1567793937	232538527	0	203607520	24170622	28895083	
3.000000	freqmine	1	1428	35.000000	5.024000	1.446000	1561794998	231868961	0	203081005	24033371	28752033	
3.000000	freqmine	1	1428	34.000000	5.024000	1.406000	1573144230	234037243	0	204838917	24441740	29162402	
2.500000	freqmine	1	1479	35.000000	5.024000	1.487000	1573085226	232862114	0	203860589	24243245	28965592	
2.500000	freqmine	1	1479	34.000000	5.024000	1.446000	1572952132	231959019	0	203187187	24016195	28735909	
2.500000	freqmine	1	1479	34.000000	5.032000	1.408000	1574529153	232088448	0	203234983	24093210	28817528	
21.000000	streamcluster	1	102	33.000000	5.072000	0.243000	1431901773	231048340	0	201403326	24813555	29609612	
22.500000	streamcluster	1	102	33.000000	5.072000	0.243000	1438696835	231296632	0	201601664	24861461	29659570	
17.000000	streamcluster	1	102	32.000000	5.072000	0.243000	1432095894	230682292	0	201031740	24817443	29615147	
10.000000	streamcluster	1	204	33.000000	5.064000	0.364000	1397338671	226890212	0	197897235	24213583	28957584	
8.000000	streamcluster	1	204	32.000000	5.056000	0.364000	1409419396	230050634	0	200571310	24697980	29443907	
11.000000	streamcluster	1	204	33.000000	5.064000	0.364000	1404747166	227892570	0	198801942	24312095	29055234	
7.000000	streamcluster	1	307	33.000000	5.056000	0.485000	1383176931	224177856	0	195695793	23728265	28446668	
5.000000	streamcluster	1	307	33.000000	5.056000	0.444000	1394542170	226397166	0	197549027	24086323	28812743	
6.000000	streamcluster	1	307	33.000000	5.056000	0.444000	1410103870	229580265	0	200188679	24626656	29356189	
4.500000	streamcluster	1	403	33.000000	5.056000	0.525000	1403171772	226708467	0	197814816	24137779	28858258	
4.000000	streamcluster	1	403	33.000000	5.056000	0.525000	1414527601	228758945	0	199500824	24501719	29222731	
4.500000	streamcluster	1	403	33.000000	5.056000	0.525000	1395382619	224896116	0	196253568	23893916	28607151	
3.500000	streamcluster	1	518	33.000000	5.056000	0.605000	1410360665	225619162	0	196890197	23984966	28693572	
5.000000	streamcluster	1	518	33.000000	5.056000	0.606000	1411803093	225996036	0	197141578	24106190	28819063	
3.500000	streamcluster	1	518	33.000000	5.056000	0.566000	1400823760	224112419	0	195616714	23755519	28460310	
4.000000	streamcluster	1	614	33.000000	5.056000	0.646000	1428085644	226681804	0	197789802	24148488	28856617	
3.500000	streamcluster	1	614	33.000000	5.048000	0.686000	1417088807	224021901	0	195549258	23731133	28437249	
3.500000	streamcluster	1	614	33.000000	5.048000	0.686000	1416946970	223967627	0	195519826	23707049	28412404	
3.000000	streamcluster	1	710	33.000000	5.048000	0.726000	1427978302	223994578	0	195538449	23717838	28420734	
3.000000	streamcluster	1	710	33.000000	5.048000	0.686000	1426763350	223829546	0	195371705	23716704	28422445	
3.500000	streamcluster	1	710	33.000000	5.048000	0.726000	1438073100	225480553	0	196713720	24024991	28731442	
3.500000	streamcluster	1	921	33.000000	5.048000	0.848000	1470558576	227438907	0	198394603	24307804	29008911	
4.000000	streamcluster	1	921	33.000000	5.048000	0.888000	1468932297	226340228	0	197508038	24096404	28796799	
3.500000	streamcluster	1	921	33.000000	5.048000	0.888000	1456425869	224084693	0	195630798	23724031	28418500	
3.500000	streamcluster	1	1036	33.000000	5.048000	0.888000	1475959955	224190509	0	195637572	23818037	28517539	
3.000000	streamcluster	1	1036	33.000000	5.048000	0.928000	1460558954	222062235	0	193854382	23479876	28172465	
3.000000	streamcluster	1	1036	33.000000	5.048000	0.888000	1470080820	223630540	0	195246486	23652659	28348663	
3.000000	streamcluster	1	1132	33.000000	5.048000	0.928000	1471488164	223095254	0	194740335	23623642	28319528	
3.000000	streamcluster	1	1132	33.000000	5.048000	0.928000	1509016775	229070306	0	199776862	24554540	29258045	
3.000000	streamcluster	1	1132	33.000000	5.048000	0.928000	1468762177	222683879	0	194439034	23515981	28209453	
3.000000	streamcluster	1	1224	33.000000	5.040000	1.008000	1496713548	225297718	0	196562376	24000262	28699952	
2.500000	streamcluster	1	1224	34.000000	5.048000	1.049000	1516431088	227995256	0	198877814	24382520	29082050	
3.000000	streamcluster	1	1224	33.000000	5.048000	1.049000	1487434766	223144276	0	194773901	23641793	28334978	
3.000000	streamcluster	1	1428	33.000000	5.040000	1.209000	1523414813	224269855	0	195768477	23771220	28465984	
2.500000	streamcluster	1	1428	34.000000	5.040000	1.330000	1525404026	224254641	0	195702065	23823365	28517179	
2.500000	streamcluster	1	1428	34.000000	5.040000	1.290000	1521655101	223590672	0	195201833	23660083	28353453	
3.000000	streamcluster	1	1479	34.000000	5.040000	1.411000	1532438011	224244894	0	195739433	23781413	28470077	
2.500000	streamcluster	1	1479	34.000000	5.040000	1.370000	1534538798	223978286	0	195548262	23701858	28394638	
3.000000	streamcluster	1	1479	34.000000	5.040000	1.370000	1525439664	223636348	0	195222962	23683554	28377994	
16.000000	vips	1	102	33.000000	5.072000	0.243000	1600306938	254453377	0	220735782	27803555	33681458	
19.500000	vips	1	102	33.000000	5.072000	0.243000	1607247189	255569905	0	221651958	27997747	33881800	
16.500000	vips	1	102	32.000000	5.072000	0.243000	1591600439	252617093	0	219269908	27436120	33311037	
6.500000	vips	1	204	32.000000	5.072000	0.324000	1570135876	252036406	0	218794175	27381517	33206094	
7.000000	vips	1	204	33.000000	5.072000	0.324000	1552291970	249854250	0	216965695	27032818	32852411	
7.000000	vips	1	204	32.000000	5.072000	0.324000	1574449404	252913753	0	219516450	27537688	33361166	
6.000000	vips	1	307	32.000000	5.064000	0.364000	1554313586	249154909	0	216419058	26898390	32699721	
5.000000	vips	1	307	32.000000	5.064000	0.364000	1550893106	247822368	0	215373784	26610975	32412447	
5.500000	vips	1	307	32.000000	5.072000	0.365000	1564346052	251183054	0	218137356	27208045	33009564	
4.500000	vips	1	403	32.000000	5.072000	0.405000	1565135666	248586947	0	215898426	26860823	32652388	
6.500000	vips	1	403	32.000000	5.072000	0.445000	1561090543	248188104	0	215627281	26732135	32524692	
4.500000	vips	1	403	32.000000	5.064000	0.405000	1559505560	248510963	0	215899624	26782364	32575200	
4.000000	vips	1	518	33.000000	5.072000	0.486000	1581761609	249489792	0	216722520	26939720	32731131	
4.000000	vips	1	518	32.000000	5.072000	0.446000	1583058544	250326904	0	217369507	27139615	32921262	
4.500000	vips	1	518	32.000000	5.072000	0.446000	1580558983	249276346	0	216474577	26978714	32765630	
4.000000	vips	1	614	33.000000	5.064000	0.526000	1582151038	247902079	0	215403840	26684722	32462102	
3.500000	vips	1	614	32.000000	5.064000	0.526000	1582522926	246762649	0	214398707	26547228	32327809	
3.500000	vips	1	614	32.000000	5.072000	0.486000	1584262628	247953421	0	215390759	26743215	32526529	
3.500000	vips	1	710	33.000000	5.064000	0.567000	1598253834	247765397	0	215288908	26662191	32440355	
3.000000	vips	1	710	33.000000	5.064000	0.526000	1613015420	250914804	0	217829981	27265971	33048691	
3.500000	vips	1	710	33.000000	5.064000	0.567000	1609813809	251015275	0	217871895	27324641	33107249	
2.500000	vips	1	921	33.000000	5.064000	0.648000	1619030998	245889260	0	213697784	26384232	32155341	
3.500000	vips	1	921	33.000000	5.064000	0.688000	1633445661	248458318	0	215772102	26879414	32650083	
3.000000	vips	1	921	33.000000	5.064000	0.648000	1626842169	247693781	0	215179207	26706658	32478440	
3.000000	vips	1	1036	33.000000	5.064000	0.729000	1633187250	245944490	0	213729225	26410118	32179126	
2.500000	vips	1	1036	33.000000	5.064000	0.728000	1653795377	250368012	0	217477342	27082634	32854534	
2.500000	vips	1	1036	33.000000	5.064000	0.729000	1643177078	247111082	0	214697005	26603995	32377943	
2.500000	vips	1	1132	33.000000	5.056000	0.768000	1655514992	249289803	0	216498055	26984557	32755612	
2.500000	vips	1	1132	33.000000	5.064000	0.728000	1650420964	247125025	0	214745750	26572991	32343145	
3.000000	vips	1	1132	33.000000	5.064000	0.729000	1646671012	246300634	0	213955442	26542184	32309055	
3.000000	vips	1	1224	33.000000	5.056000	0.889000	1668305022	248663023	0	216012140	26839031	32614748	
3.000000	vips	1	1224	33.000000	5.056000	0.889000	1653808817	246166519	0	213948344	26416608	32182044	
2.500000	vips	1	1224	33.000000	5.056000	0.849000	1663606766	247605789	0	215099935	26700402	32469720	
3.000000	vips	1	1428	34.000000	5.048000	1.130000	1691490812	246924088	0	214552022	26570901	32335932	
2.500000	vips	1	1428	34.000000	5.048000	1.130000	1699227033	247689297	0	215090947	26793922	32562211	
2.500000	vips	1	1428	34.000000	5.048000	1.171000	1685385831	245920559	0	213713734	26404548	32170688	
3.000000	vips	1	1479	34.000000	5.048000	1.211000	1710704358	248619807	0	215961384	26857928	32622290	
3.000000	vips	1	1479	34.000000	5.048000	1.171000	1705264477	247928791	0	215438397	26686464	32454244	
2.500000	vips	1	1479	34.000000	5.048000	1.211000	1701648731	246856351	0	214404178	26643695	32416035	
16.500000	x264	1	102	32.000000	5.072000	0.243000	1449130781	232743492	0	202760565	25113885	29947023	
13.500000	x264	1	102	32.000000	5.072000	0.243000	1446636794	232835831	0	202879094	25092978	29920833	
14.000000	x264	1	102	32.000000	5.072000	0.243000	1433243664	230342877	0	200820420	24662727	29486543	
7.500000	x264	1	204	32.000000	5.072000	0.324000	1405495695	227787139	0	198680676	24297212	29070553	
6.500000	x264	1	204	32.000000	5.072000	0.324000	1435303512	232882166	0	202943608	25126450	29902649	
7.500000	x264	1	204	32.000000	5.072000	0.324000	1415715362	229652720	0	200230942	24619256	29385878	
5.000000	x264	1	307	32.000000	5.072000	0.365000	1400180412	227380101	0	198376401	24221022	28967800	
5.000000	x264	1	307	32.000000	5.072000	0.365000	1400303530	225686444	0	196932300	23966957	28718239	
5.500000	x264	1	307	32.000000	5.072000	0.365000	1419432773	229862806	0	200398864	24669755	29428043	
4.000000	x264	1	403	32.000000	5.072000	0.405000	1412245026	227193370	0	198194303	24224244	28963167	
5.000000	x264	1	403	32.000000	5.072000	0.405000	1406827234	226319198	0	197524051	24023354	28759242	
4.500000	x264	1	403	32.000000	5.072000	0.405000	1417575000	227831165	0	198749475	24302906	29045789	
3.500000	x264	1	518	32.000000	5.072000	0.446000	1407391422	224677498	0	196107884	23801905	28533709	
4.000000	x264	1	518	32.000000	5.072000	0.446000	1425431592	227134302	0	198099137	24261114	28999261	
4.000000	x264	1	518	32.000000	5.072000	0.446000	1417389818	225479771	0	196732560	23975407	28711303	
3.500000	x264	1	614	33.000000	5.072000	0.486000	1438891837	227500703	0	198399990	24329299	29064808	
4.000000	x264	1	614	32.000000	5.072000	0.486000	1444017036	228570598	0	199361536	24438860	29173165	
3.500000	x264	1	614	32.000000	5.072000	0.486000	1444102118	227928807	0	198770210	24390196	29122691	
3.500000	x264	1	710	32.000000	5.072000	0.486000	1452149132	227428856	0	198415152	24250530	28977801	
3.500000	x264	1	710	33.000000	5.072000	0.486000	1449844167	227251571	0	198281106	24204999	28934569	
3.500000	x264	1	710	32.000000	5.072000	0.486000	1442734880	225360292	0	196697021	23899277	28627360	
3.000000	x264	1	921	32.000000	5.064000	0.607000	1473682000	225618707	0	196860473	23998477	28722327	
3.000000	x264	1	921	32.000000	5.064000	0.567000	1474865884	225752913	0	196962004	24022747	28755006	
3.000000	x264	1	921	32.000000	5.064000	0.567000	1484846853	228047288	0	198881192	24396405	29130195	
2.500000	x264	1	1036	33.000000	5.064000	0.607000	1488056957	225346516	0	196699210	23890975	28611414	
2.500000	x264	1	1036	33.000000	5.072000	0.608000	1485559406	224734234	0	196152861	23824601	28545471	
3.000000	x264	1	1036	32.000000	5.064000	0.648000	1485033526	225733097	0	196940078	24034871	28757115	
3.500000	x264	1	1132	33.000000	5.064000	0.648000	1499372914	225899105	0	197103318	24036070	28759886	
3.000000	x264	1	1132	33.000000	5.064000	0.648000	1483727003	224384906	0	195823724	23801876	28525277	
3.000000	x264	1	1132	33.000000	5.064000	0.648000	1511674809	228974622	0	199661582	24548222	29277146	
3.000000	x264	1	1224	33.000000	5.064000	0.729000	1517521707	226957995	0	197985621	24210925	28936482	
3.000000	x264	1	1224	33.000000	5.064000	0.729000	1514378105	226718301	0	197774220	24187000	28908193	
3.000000	x264	1	1224	34.000000	5.064000	0.729000	1525848884	228962702	0	199708963	24494138	29217838	
3.000000	x264	1	1428	34.000000	5.056000	0.930000	1541861581	226421982	0	197563347	24100715	28822725	
2.500000	x264	1	1428	34.000000	5.056000	0.930000	1544135723	227037974	0	198075643	24200304	28926430	
3.000000	x264	1	1428	33.000000	5.056000	0.889000	1538259161	225500539	0	196819945	23920788	28644689	
3.000000	x264	1	1479	34.000000	5.056000	0.970000	1535376366	223965586	0	195544510	23670391	28385177	
3.000000	x264	1	1479	34.000000	5.056000	0.970000	1555738511	227271754	0	198301641	24210748	28934209	
2.500000	x264	1	1479	33.000000	5.056000	0.970000	1547373394	225937238	0	197115350	24059986	28785980	
