#Timestamp	Benchmark	Run(#)	CPU Frequency (MHz)	CPU Temperature(C)	Voltage[V]	Power[W]	CPU_CYCLES	L1D_CACHE	INSTR_RETIRED	BUS_CYCLES	L1I_CACHE	PR_BR_SPEC_EX
1	blackscholes	1	102	27	5.072000	0.243000	1457559911	454692358	1086553032	1457544490	580616277	231333574	
1	blackscholes	1	102	27	5.072000	0.243000	1464177915	456858877	1094932115	1464163754	581564278	233087149	
1	blackscholes	1	102	27	5.064000	0.243000	1459758966	457553503	1096409313	1459747696	581971013	233518175	
1	blackscholes	1	204	27	5.064000	0.364000	1429468842	451822362	1085005008	1429459539	571718900	231289575	
1	blackscholes	1	204	28	5.064000	0.324000	1415495793	448739267	1076805860	1415486224	567647808	229476432	
1	blackscholes	1	204	27	5.064000	0.364000	1422957697	449644664	1079553517	1422946994	570103927	230321198	
1	blackscholes	1	307	28	5.064000	0.445000	1399533819	440752733	1055700245	1399524544	559001138	225267990	
1	blackscholes	1	307	28	5.056000	0.445000	1423824325	448904111	1078878246	1423814350	566838175	230117405	
1	blackscholes	1	307	28	5.064000	0.486000	1414683424	446102514	1071118624	1414674373	563302043	228455581	
1	blackscholes	1	403	27	5.064000	0.525000	1419983620	446092097	1071929497	1419974261	563016273	228776899	
1	blackscholes	1	403	27	5.056000	0.525000	1413824322	442305722	1061179301	1413815740	558950553	226448246	
1	blackscholes	1	403	28	5.064000	0.526000	1424307523	445986351	1070587645	1424298437	563219365	228643170	
1	blackscholes	1	518	27	5.056000	0.566000	1431972740	443924530	1065319110	1431964291	560167111	227548957	
1	blackscholes	1	518	28	5.056000	0.606000	1416320789	440433215	1057409123	1416312004	556345430	225900486	
1	blackscholes	1	518	28	5.056000	0.606000	1408301032	437481420	1048727146	1408292527	553281683	224058157	
1	blackscholes	1	614	28	5.056000	0.687000	1452665866	447229712	1075113308	1452656794	563596965	229728452	
1	blackscholes	1	614	28	5.056000	0.687000	1440142474	443172694	1064497568	1440133899	559215442	227490012	
1	blackscholes	1	614	27	5.056000	0.647000	1428843347	439249413	1053773977	1428834737	554954617	225229413	
1	blackscholes	1	710	28	5.056000	0.728000	1443662416	442327019	1063100085	1443653904	557525676	227159288	
1	blackscholes	1	710	28	5.056000	0.768000	1453993043	444189687	1066531868	1453984391	559796414	227859865	
1	blackscholes	1	710	28	5.056000	0.728000	1441267302	440198344	1056079056	1441258916	555139966	225490318	
1	blackscholes	1	921	28	5.048000	0.848000	1468896662	439620108	1054252947	1468888311	554436937	225190038	
1	blackscholes	1	921	28	5.048000	0.848000	1494916986	447328739	1076069983	1494908719	564526831	229955070	
1	blackscholes	1	921	28	5.048000	0.848000	1476396436	440909214	1058146935	1476388029	557287142	226016087	
1	blackscholes	1	1036	28	5.048000	0.928000	1484605324	438681509	1053056460	1484597267	555015986	224947763	
1	blackscholes	1	1036	28	5.048000	0.888000	1480247353	437801959	1050846588	1480239261	552325969	224612038	
1	blackscholes	1	1036	28	5.048000	0.928000	1494913374	442305513	1061751790	1494905009	557282751	226983978	
1	blackscholes	1	1132	28	5.048000	0.928000	1509821963	442182833	1061995563	1509813605	557752155	227059235	
1	blackscholes	1	1132	28	5.056000	0.849000	1480104434	435348085	1043701964	1480096272	549862414	223219088	
1	blackscholes	1	1132	28	5.048000	0.928000	1488240320	436665098	1047304663	1488232074	552137239	223997208	
1	blackscholes	1	1224	28	5.048000	1.049000	1503184365	436170412	1045155562	1503176091	551338970	223273904	
1	blackscholes	1	1224	28	5.040000	1.090000	1513389868	439781180	1056529805	1513381517	554637818	225768242	
1	blackscholes	1	1224	28	5.048000	1.049000	1510816305	438809029	1053495550	1510807660	554330593	225166076	
1	blackscholes	1	1428	29	5.040000	1.370000	1528185914	436059623	1044920366	1528178256	549785946	223230592	
1	blackscholes	1	1428	29	5.040000	1.330000	1557750797	446062796	1073419638	1557742999	561717818	229369148	
1	blackscholes	1	1428	29	5.040000	1.330000	1537670999	437966869	1051695890	1537663425	552503645	224830541	
1	blackscholes	1	1479	29	5.040000	1.449000	1545851204	437662762	1050747994	1545843616	553187123	224685798	
1	blackscholes	1	1479	29	5.032000	1.449000	1546357009	439356012	1055352382	1546349428	555210036	225613266	
1	blackscholes	1	1479	29	5.032000	1.408000	1542559799	437576156	1050015239	1542552253	551878811	224347507	
1	bodytrack	1	102	28	5.072000	0.243000	1681662175	544701268	1427490523	1681649624	688533671	276104555	
1	bodytrack	1	102	28	5.072000	0.243000	1691297769	545963460	1430840941	1691285211	691607572	277074233	
1	bodytrack	1	102	27	5.072000	0.243000	1689109423	546418934	1432457526	1689096865	690725731	277433856	
1	bodytrack	1	204	28	5.072000	0.324000	1657951979	539960418	1420568148	1657940100	679992373	275262239	
1	bodytrack	1	204	28	5.072000	0.324000	1643377514	534990488	1406060702	1643365712	673635221	272301119	
1	bodytrack	1	204	28	5.072000	0.324000	1635880820	534106911	1403396421	1635869165	673447257	271804536	
1	bodytrack	1	307	28	5.064000	0.365000	1640398233	532048029	1399082580	1640388209	669241667	270822490	
1	bodytrack	1	307	28	5.064000	0.364000	1643090707	533652762	1403951256	1643079479	670753754	271807718	
1	bodytrack	1	307	28	5.072000	0.365000	1646279272	534576450	1406661166	1646268891	671966340	272666284	
1	bodytrack	1	403	28	5.072000	0.365000	1641993179	530423771	1396274228	1641984205	666385143	270247518	
1	bodytrack	1	403	28	5.064000	0.445000	1659018784	536199831	1412411922	1659009943	673303026	273831030	
1	bodytrack	1	403	28	5.064000	0.444000	1641137065	530039557	1395815002	1641127153	666283780	270467647	
1	bodytrack	1	518	28	5.056000	0.485000	1653044592	529346274	1394470522	1653035065	664891998	270189188	
1	bodytrack	1	518	29	5.056000	0.485000	1661520673	532264892	1402200262	1661511853	666669783	271584491	
1	bodytrack	1	518	28	5.056000	0.485000	1658175952	531343966	1399665096	1658166313	666510165	271318262	
1	bodytrack	1	614	29	5.064000	0.526000	1679803502	534397385	1408874274	1679793772	669890910	273253251	
1	bodytrack	1	614	29	5.056000	0.525000	1672185224	532083113	1402212525	1672174780	667683603	271698959	
1	bodytrack	1	614	28	5.064000	0.526000	1662616766	528201962	1392389047	1662607666	663583098	269857823	
1	bodytrack	1	710	28	5.064000	0.567000	1677969593	529305773	1395150208	1677961123	664060857	270276183	
1	bodytrack	1	710	28	5.064000	0.567000	1679341020	529491021	1395047014	1679331178	665029754	270557287	
1	bodytrack	1	710	28	5.064000	0.567000	1687966575	533171946	1405520830	1687957545	668433451	272557754	
1	bodytrack	1	921	29	5.056000	0.728000	1704576810	528293245	1391667747	1704568291	663737254	269741286	
1	bodytrack	1	921	29	5.056000	0.728000	1723815707	533771169	1406718336	1723806166	668230036	272688280	
1	bodytrack	1	921	29	5.056000	0.728000	1703162573	526749309	1388800260	1703154082	660815766	269137278	
1	bodytrack	1	1036	29	5.048000	0.848000	1727674523	529285986	1395851581	1727666256	663533480	270418492	
1	bodytrack	1	1036	29	5.048000	0.888000	1728548913	530196163	1397591202	1728539988	665127738	270824164	
1	bodytrack	1	1036	29	5.048000	0.807000	1716186513	526900803	1388362193	1716177322	660868516	268950672	
1	bodytrack	1	1132	30	5.048000	0.848000	1735156648	528006865	1391057216	1735147982	662183895	269711616	
1	bodytrack	1	1132	30	5.040000	0.887000	1732021120	526714495	1388495353	1732012433	661569352	269076458	
1	bodytrack	1	1132	29	5.048000	0.848000	1734757589	527390060	1390373525	1734749161	660738954	269346914	
1	bodytrack	1	1224	29	5.040000	0.967000	1752397525	527310994	1388619937	1752389342	661236092	268999762	
1	bodytrack	1	1224	30	5.048000	1.009000	1743443173	525576003	1384291699	1743433422	660364298	268105916	
1	bodytrack	1	1224	29	5.040000	0.967000	1742812683	524667313	1382903510	1742803884	658315997	267956249	
1	bodytrack	1	1428	30	5.032000	1.207000	1777089512	526589108	1388043453	1777081315	660100807	268912611	
1	bodytrack	1	1428	29	5.040000	1.209000	1790685714	528242938	1392727701	1790676488	662095571	269832433	
1	bodytrack	1	1428	29	5.032000	1.207000	1779836676	527006768	1390210775	1779828045	661556949	269461251	
1	bodytrack	1	1479	29	5.032000	1.288000	1787251187	526683556	1388469775	1787242808	659989202	268923106	
1	bodytrack	1	1479	30	5.040000	1.290000	1785312913	526866397	1388797546	1785304422	660148576	268997124	
1	bodytrack	1	1479	31	5.032000	1.288000	1795057601	527768406	1391521376	1795049355	661749115	269797615	
1	dedup	1	102	29	5.072000	0.243000	1452455196	457985642	1096483708	1452444157	580745057	233304464	
1	dedup	1	102	29	5.064000	0.243000	1449425764	456339670	1091683016	1449414942	579103994	232445875	
1	dedup	1	102	28	5.064000	0.243000	1468713204	461793729	1107099559	1468701920	585776645	235719094	
1	dedup	1	204	29	5.064000	0.364000	1411526087	447808491	1072015310	1411516210	566297017	228668530	
1	dedup	1	204	29	5.064000	0.364000	1418030402	450456642	1080115188	1418020140	569755337	230399598	
1	dedup	1	204	29	5.064000	0.364000	1412822381	447050711	1070538092	1412811818	566662535	228416129	
1	dedup	1	307	29	5.064000	0.445000	1418829014	447873284	1074509074	1418819515	565631604	229314050	
1	dedup	1	307	29	5.064000	0.445000	1434681777	453225001	1088993009	1434672915	571395328	232387703	
1	dedup	1	307	29	5.064000	0.445000	1417928448	448469957	1076395304	1417919201	565490123	229910079	
1	dedup	1	403	29	5.064000	0.525000	1421421796	446777116	1072569694	1421412633	564629599	229171968	
1	dedup	1	403	29	5.056000	0.525000	1420533623	445724352	1069144189	1420523949	562750608	228377470	
1	dedup	1	403	29	5.056000	0.566000	1432820720	450665276	1082366991	1432811438	567211447	231085454	
1	dedup	1	518	29	5.056000	0.606000	1440739391	446847262	1073511340	1440730235	563255687	229336467	
1	dedup	1	518	29	5.056000	0.606000	1424603617	442591385	1060890758	1424595217	558733189	226800905	
1	dedup	1	518	29	5.056000	0.606000	1427246988	443700564	1064861451	1427238077	558980526	227511968	
1	dedup	1	614	30	5.056000	0.687000	1430985199	441167543	1057787638	1430976078	556129509	226207987	
1	dedup	1	614	29	5.056000	0.687000	1439723912	444198973	1065857569	1439715645	559001805	227726715	
1	dedup	1	614	29	5.056000	0.647000	1441290263	445066098	1068834115	1441281737	559577779	228476870	
1	dedup	1	710	30	5.048000	0.767000	1455015861	445954320	1069748716	1455007321	561339552	228605842	
1	dedup	1	710	29	5.048000	0.726000	1441026126	441096488	1057063647	1441017894	555849809	225883224	
1	dedup	1	710	29	5.048000	0.768000	1445692043	441237305	1057370775	1445683027	556873904	226086607	
1	dedup	1	921	30	5.048000	0.807000	1472669599	441428523	1058288085	1472661087	555216479	226209185	
1	dedup	1	921	30	5.048000	0.807000	1478626827	443098852	1061625992	1478618420	557489560	226893419	
1	dedup	1	921	29	5.048000	0.848000	1469554278	439796344	1053268168	1469545612	554186020	225151376	
1	dedup	1	1036	30	5.048000	0.888000	1486608976	439209074	1052478116	1486600198	554428219	225063572	
1	dedup	1	1036	30	5.048000	0.928000	1494428443	442662631	1061711675	1494420204	557722468	226854405	
1	dedup	1	1036	30	5.048000	0.928000	1507043963	445639632	1070525777	1507035416	560751004	228657251	
1	dedup	1	1132	30	5.048000	1.009000	1510403601	443577326	1064243451	1510395166	558229388	227586056	
1	dedup	1	1132	29	5.048000	0.928000	1498143087	440488367	1055835430	1498135394	555044087	225851755	
1	dedup	1	1132	30	5.048000	0.928000	1495512401	440540541	1056320937	1495503987	554163379	225700240	
1	dedup	1	1224	30	5.040000	1.088000	1527524470	443239793	1064382979	1527516084	558859465	227618579	
1	dedup	1	1224	30	5.040000	1.088000	1534808191	446382621	1072415679	1534799994	561282462	229081787	
1	dedup	1	1224	30	5.040000	1.088000	1506292971	438483015	1050760323	1506284718	552629670	224823119	
1	dedup	1	1428	31	5.032000	1.449000	1548865474	442995285	1063618351	1548857403	556815362	227329908	
1	dedup	1	1428	31	5.032000	1.288000	1553759828	443835371	1065951201	1553751869	558191938	227944729	
1	dedup	1	1428	31	5.040000	1.330000	1549364828	441428804	1058041930	1549356967	555513927	226238248	
1	dedup	1	1479	31	5.032000	1.408000	1569765100	445765036	1071344790	1569757113	560071469	228855538	
1	dedup	1	1479	31	5.032000	1.449000	1560339329	442104268	1061450769	1560331237	556054390	227041998	
1	dedup	1	1479	31	5.032000	1.489000	1552024829	440062601	1054846144	1552017087	553875169	225470399	
1	ferret	1	102	29	5.072000	0.243000	1476551105	463087668	1113931421	1476539863	590110485	234882648	
1	ferret	1	102	29	5.072000	0.243000	1480577110	465386766	1122326319	1480565882	592210806	236898384	
1	ferret	1	102	29	5.072000	0.243000	1475974857	465625534	1122620330	1475964511	591341478	236897547	
1	ferret	1	204	29	5.072000	0.324000	1440318257	456465960	1102497953	1440308807	577805315	233013519	
1	ferret	1	204	29	5.072000	0.324000	1438977197	453908792	1093988507	1438967271	576199017	231411956	
1	ferret	1	204	29	5.072000	0.324000	1440371713	454711204	1096211819	1440361087	576693009	231667699	
1	ferret	1	307	29	5.072000	0.405000	1432619397	452879108	1092426014	1432609317	572359481	231073430	
1	ferret	1	307	29	5.072000	0.365000	1437054648	452192315	1089766739	1437044043	572061209	230483823	
1	ferret	1	307	30	5.072000	0.365000	1426122955	448776111	1081802378	1426113953	568845597	228979418	
1	ferret	1	403	29	5.072000	0.405000	1437701910	448873316	1082176601	1437692348	567952402	229024852	
1	ferret	1	403	29	5.072000	0.405000	1459106654	456790852	1103288243	1459097673	577711270	233444867	
1	ferret	1	403	29	5.072000	0.405000	1430291687	447594772	1079829988	1430282314	566665721	228593717	
1	ferret	1	518	29	5.072000	0.446000	1453594499	449637464	1084568648	1453585994	567684102	229400068	
1	ferret	1	518	30	5.064000	0.486000	1446382753	447424949	1078477630	1446373058	565513135	228262384	
1	ferret	1	518	29	5.072000	0.446000	1436902414	445469832	1073978227	1436893552	563478599	227484470	
1	ferret	1	614	29	5.072000	0.486000	1448022751	444839469	1072055894	1448014169	562423011	227152475	
1	ferret	1	614	29	5.072000	0.486000	1462073665	449054677	1083764087	1462065244	567330962	229617499	
1	ferret	1	614	29	5.072000	0.486000	1459656840	447293023	1078099444	1459648041	566507331	228341950	
1	ferret	1	710	29	5.072000	0.486000	1461801564	445783040	1075217785	1461792499	563395603	227770862	
1	ferret	1	710	29	5.072000	0.486000	1464724007	447007551	1077024956	1464715509	564358993	228063095	
1	ferret	1	710	29	5.072000	0.527000	1468881867	447047950	1077507860	1468873285	565367595	228218382	
1	ferret	1	921	29	5.072000	0.568000	1506823889	449826673	1085869980	1506815419	568393747	230059327	
1	ferret	1	921	29	5.072000	0.567000	1496623206	445935604	1075987621	1496614967	565298158	227994809	
1	ferret	1	921	29	5.072000	0.567000	1500813844	448523374	1082426560	1500805962	565559907	229227460	
1	ferret	1	1036	29	5.064000	0.688000	1523064643	448595095	1083965690	1523056488	566466015	229656130	
1	ferret	1	1036	29	5.064000	0.729000	1513818990	446129056	1075406200	1513810828	563421030	227874635	
1	ferret	1	1036	30	5.064000	0.729000	1509328140	444675672	1073319020	1509319544	562255496	227422433	
1	ferret	1	1132	29	5.064000	0.648000	1523466483	445862873	1076122411	1523458300	563760939	227871288	
1	ferret	1	1132	30	5.064000	0.648000	1515309587	444230287	1070044629	1515300837	561777454	226643274	
1	ferret	1	1132	29	5.064000	0.688000	1527050409	446145576	1076580759	1527042198	564784624	228109014	
1	ferret	1	1224	29	5.064000	0.729000	1522778203	442444093	1065985927	1522770076	560450949	225876186	
1	ferret	1	1224	29	5.064000	0.729000	1533264496	445224082	1074003619	1533256481	561535082	227377528	
1	ferret	1	1224	29	5.064000	0.729000	1530022781	444042588	1071243070	1530014885	562142756	227015598	
1	ferret	1	1428	30	5.056000	0.930000	1559620952	443045392	1067761371	1559613049	560457777	226268935	
1	ferret	1	1428	30	5.056000	0.930000	1570146079	446840156	1078432855	1570138141	563772682	228371883	
1	ferret	1	1428	30	5.056000	0.930000	1568185352	446103229	1077271975	1568177449	564580923	228311927	
1	ferret	1	1479	30	5.056000	1.011000	1595445961	450847314	1090059964	1595437715	570036426	230877533	
1	ferret	1	1479	30	5.056000	0.970000	1566801513	443062946	1068450630	1566793246	559071101	226262064	
1	ferret	1	1479	31	5.056000	1.009000	1560722893	442141807	1064675805	1560714934	558933614	225609403	
1	fluidanimate	1	102	29	5.072000	0.243000	1507231590	478958887	1155948461	1507218409	608758946	244582632	
1	fluidanimate	1	102	29	5.072000	0.243000	1498954839	474625347	1144142186	1498942176	603584111	242072482	
1	fluidanimate	1	102	29	5.072000	0.243000	1490600026	472350275	1137109478	1490588014	600401782	240501590	
1	fluidanimate	1	204	29	5.064000	0.364000	1460237072	466091045	1125525609	1460226495	591455942	238535441	
1	fluidanimate	1	204	29	5.064000	0.364000	1453197047	465530202	1122937992	1453186631	589565259	238112330	
1	fluidanimate	1	204	29	5.064000	0.364000	1456116997	465209376	1122090871	1456105727	589744982	237828725	
1	fluidanimate	1	307	29	5.064000	0.405000	1445514761	461009683	1111975195	1445504716	583861527	235798053	
1	fluidanimate	1	307	30	5.064000	0.445000	1450792341	462174928	1115888716	1450783045	584620983	236751794	
1	fluidanimate	1	307	29	5.064000	0.445000	1445656251	460384985	1110563911	1445646605	583071776	235669392	
1	fluidanimate	1	403	30	5.064000	0.486000	1448841100	459772531	1109476275	1448830943	580920009	235317060	
1	fluidanimate	1	403	30	5.064000	0.526000	1457367589	461104267	1113286495	1457358006	584191378	236304662	
1	fluidanimate	1	403	29	5.064000	0.486000	1451095249	459191185	1107993204	1451086569	580610189	235098842	
1	fluidanimate	1	518	30	5.056000	0.606000	1477399423	464290812	1122773540	1477390792	584906771	238230610	
1	fluidanimate	1	518	30	5.056000	0.606000	1462678573	459510957	1109347216	1462669627	579733197	235359615	
1	fluidanimate	1	518	29	5.056000	0.606000	1460476444	458647820	1107344839	1460467715	579338958	234922337	
1	fluidanimate	1	614	29	5.056000	0.647000	1478704886	459017282	1107003405	1478695401	580201162	234873614	
1	fluidanimate	1	614	30	5.056000	0.647000	1472502769	459628980	1109761911	1472494642	579880985	235680949	
1	fluidanimate	1	614	30	5.056000	0.606000	1473551967	458697082	1107935826	1473543840	579620390	235297915	
1	fluidanimate	1	710	30	5.048000	0.807000	1475225594	456076830	1100348605	1475216578	576935674	233773686	
1	fluidanimate	1	710	30	5.048000	0.807000	1485061360	457850429	1105684444	1485053275	579049341	234856684	
1	fluidanimate	1	710	30	5.056000	0.767000	1487193824	458633407	1107805126	1487184640	579627592	235314779	
1	fluidanimate	1	921	30	5.056000	0.768000	1512325229	457965876	1105356739	1512317284	578220500	234759541	
1	fluidanimate	1	921	30	5.056000	0.808000	1505063261	456244668	1101559573	1505054938	576836050	233980376	
1	fluidanimate	1	921	30	5.048000	0.848000	1512620151	458467390	1105675663	1512611737	578986503	234778816	
1	fluidanimate	1	1036	30	5.048000	0.888000	1530760561	457469887	1105180945	1530752105	577275678	234760413	
1	fluidanimate	1	1036	30	5.048000	0.888000	1535557309	458727699	1107547181	1535548762	578879039	235176493	
1	fluidanimate	1	1036	30	5.048000	0.848000	1547835904	463941439	1122219928	1547827525	583692542	238085778	
1	fluidanimate	1	1132	30	5.048000	0.928000	1546813441	459408072	1108158496	1546805265	580568458	235274771	
1	fluidanimate	1	1132	31	5.048000	1.009000	1533455942	455122582	1097227869	1533446457	575704706	233163853	
1	fluidanimate	1	1132	30	5.048000	0.928000	1524720205	453556016	1093967353	1524712176	572319898	232229544	
1	fluidanimate	1	1224	30	5.048000	1.049000	1552913728	457529288	1104332065	1552905811	576956168	234532036	
1	fluidanimate	1	1224	30	5.040000	1.048000	1543707318	454397548	1096435618	1543698820	573680426	232970081	
1	fluidanimate	1	1224	30	5.048000	1.049000	1563668422	459205503	1110215788	1563660687	579284121	235810884	
1	fluidanimate	1	1428	31	5.032000	1.368000	1591649943	458243468	1107833791	1591641235	577887842	235297606	
1	fluidanimate	1	1428	31	5.032000	1.408000	1584943985	457776914	1105854522	1584936187	577009975	234785127	
1	fluidanimate	1	1428	32	5.032000	1.489000	1589980460	459761995	1111880293	1589972781	578192911	236000481	
1	fluidanimate	1	1479	32	5.032000	1.489000	1598476741	457700164	1106498088	1598469013	576649879	234890634	
1	fluidanimate	1	1479	31	5.032000	1.449000	1578694874	453990409	1095882051	1578687069	573595337	232832563	
1	fluidanimate	1	1479	31	5.032000	1.489000	1592279773	456919876	1103924241	1592271618	576162386	234433542	
1	freqmine	1	102	30	5.072000	0.243000	1466864444	459156430	1107710563	1466853321	588411172	236519144	
1	freqmine	1	102	30	5.072000	0.243000	1470852192	461292095	1113019816	1470841174	590339059	237596200	
1	freqmine	1	102	30	5.072000	0.243000	1479373192	463431319	1118884757	1479361992	592154793	238907609	
1	freqmine	1	204	30	5.064000	0.324000	1434978875	453278064	1096856178	1434968557	577636664	234582130	
1	freqmine	1	204	29	5.064000	0.324000	1431697239	454068080	1098641478	1431687698	578281013	234956251	
1	freqmine	1	204	30	5.064000	0.324000	1435059000	453769727	1097658206	1435048822	578129708	234727029	
1	freqmine	1	307	30	5.064000	0.445000	1425219115	449144994	1086158801	1425209539	572224346	232281661	
1	freqmine	1	307	30	5.064000	0.405000	1427039962	449205781	1085783383	1427030708	571893958	232350974	
1	freqmine	1	307	30	5.064000	0.405000	1431726790	450754503	1091041870	1431717137	572836700	233542494	
1	freqmine	1	403	30	5.064000	0.486000	1422316175	445767231	1077485150	1422307096	568182481	230802015	
1	freqmine	1	403	30	5.064000	0.486000	1436904279	450150613	1089489950	1436894955	571845959	233327579	
1	freqmine	1	403	30	5.064000	0.445000	1435987009	450319121	1089687112	1435978063	571907511	233229577	
1	freqmine	1	518	30	5.064000	0.566000	1456170689	451751616	1093904888	1456161715	572359968	234305752	
1	freqmine	1	518	30	5.056000	0.606000	1434422086	446501214	1079804667	1434413679	567360246	231272472	
1	freqmine	1	518	30	5.056000	0.566000	1455164760	452415352	1096445306	1455155940	573139068	234740173	
1	freqmine	1	614	30	5.056000	0.687000	1450840881	445907035	1077626633	1450831865	566464489	230766989	
1	freqmine	1	614	30	5.056000	0.647000	1444340496	444073565	1073256720	1444331795	564044735	230147719	
1	freqmine	1	614	30	5.056000	0.606000	1452999575	445898924	1078484847	1452989957	567045010	230969407	
1	freqmine	1	710	31	5.048000	0.807000	1462609033	447653697	1083959551	1462599807	567613189	232284103	
1	freqmine	1	710	31	5.048000	0.767000	1461251362	446632828	1080549363	1461241919	566362929	231453098	
1	freqmine	1	710	30	5.056000	0.808000	1468804636	449040201	1087999687	1468796306	569237851	233070951	
1	freqmine	1	921	31	5.048000	0.848000	1493111182	446553089	1080122440	1493102397	566547965	231518849	
1	freqmine	1	921	31	5.048000	0.848000	1480454145	442662984	1070441425	1480445955	562912745	229490355	
1	freqmine	1	921	30	5.048000	0.807000	1494575862	446788421	1081649808	1494567917	566921038	231845151	
1	freqmine	1	1036	31	5.048000	0.848000	1512252936	447113731	1082990422	1512244774	566196891	231912081	
1	freqmine	1	1036	30	5.048000	0.848000	1510721704	447629153	1084927452	1510713563	567127506	232492305	
1	freqmine	1	1036	31	5.048000	0.928000	1507922482	444799363	1076081119	1507913697	564396927	230553871	
1	freqmine	1	1132	31	5.048000	0.928000	1514819217	445802930	1079288949	1514810859	564536521	231217741	
1	freqmine	1	1132	31	5.048000	0.969000	1522024389	447170422	1082511596	1522015765	565745050	231764161	
1	freqmine	1	1132	31	5.048000	0.969000	1529865018	448088128	1085852869	1529856688	568700532	232685146	
1	freqmine	1	1224	31	5.040000	1.048000	1536203987	446567229	1081327306	1536195447	565229961	231632956	
1	freqmine	1	1224	31	5.040000	1.048000	1536779538	446665864	1080774852	1536771943	567637974	231693817	
1	freqmine	1	1224	31	5.048000	1.009000	1528312787	443760929	1073705533	1528304072	562704651	229960846	
1	freqmine	1	1428	31	5.032000	1.328000	1553552846	444304313	1075127772	1553544943	562610224	230343554	
1	freqmine	1	1428	32	5.040000	1.209000	1553029656	442804007	1071167044	1553022187	561779206	229553119	
1	freqmine	1	1428	32	5.040000	1.249000	1551107508	443606911	1073725639	1551099535	561829428	230045262	
1	freqmine	1	1479	32	5.032000	1.408000	1573149216	445744711	1079046987	1573140445	566001124	231348581	
1	freqmine	1	1479	31	5.032000	1.489000	1563604667	443066589	1070948543	1563596246	561800445	229532119	
1	freqmine	1	1479	32	5.032000	1.408000	1576245258	446499438	1081044855	1576237026	566698934	231633372	
1	streamcluster	1	102	30	5.072000	0.243000	1432089078	451249417	1080941338	1432078578	574194035	230166259	
1	streamcluster	1	102	30	5.072000	0.243000	1431989385	449462981	1075394815	1431978913	571490487	228913961	
1	streamcluster	1	102	30	5.072000	0.243000	1435843437	450911685	1079614441	1435832923	573216598	229758328	
1	streamcluster	1	204	30	5.064000	0.364000	1394999814	441186487	1056700394	1394989895	559822854	225530079	
1	streamcluster	1	204	30	5.064000	0.364000	1414201381	449198655	1079321880	1414191581	567756668	230067015	
1	streamcluster	1	204	30	5.064000	0.364000	1409647493	446508495	1072261026	1409637532	564470190	228601349	
1	streamcluster	1	307	30	5.064000	0.445000	1404062547	443442115	1063852686	1404052719	559765190	226942699	
1	streamcluster	1	307	30	5.064000	0.445000	1411657031	446312539	1073364799	1411648001	562312505	228828170	
1	streamcluster	1	307	30	5.056000	0.445000	1392958580	439099482	1052706272	1392949711	554852059	224598656	
1	streamcluster	1	403	30	5.056000	0.525000	1402485310	441389134	1059345748	1402476399	556701670	226006418	
1	streamcluster	1	403	30	5.056000	0.525000	1398329360	438506166	1052685605	1398320379	553711816	224753729	
1	streamcluster	1	403	30	5.056000	0.525000	1390091907	436640426	1046542213	1390083269	550985578	223450272	
1	streamcluster	1	518	30	5.056000	0.606000	1410459154	437337148	1049201472	1410450782	552329802	224114821	
1	streamcluster	1	518	30	5.056000	0.606000	1412068655	439930873	1056900050	1412059779	554836734	225735359	
1	streamcluster	1	518	30	5.056000	0.606000	1415615118	438446974	1052219555	1415605885	554609087	224826122	
1	streamcluster	1	614	31	5.056000	0.687000	1414152197	435512954	1044695403	1414144049	549612074	223141150	
1	streamcluster	1	614	30	5.056000	0.647000	1418311861	437438221	1049247107	1418303811	551288185	223962074	
1	streamcluster	1	614	30	5.056000	0.647000	1418492948	436825409	1047332275	1418484877	552179999	223802296	
1	streamcluster	1	710	30	5.056000	0.687000	1423524464	436511183	1047495166	1423516505	550216252	223634204	
1	streamcluster	1	710	30	5.056000	0.728000	1454710985	445479839	1071312377	1454702606	560189620	228872899	
1	streamcluster	1	710	30	5.056000	0.728000	1431535417	437478559	1050631239	1431526723	552013672	224536334	
1	streamcluster	1	921	30	5.056000	0.807000	1454571992	436776411	1049149908	1454563886	550057066	224183661	
1	streamcluster	1	921	31	5.056000	0.808000	1454499191	435374283	1044305043	1454491519	549528789	223227294	
1	streamcluster	1	921	30	5.056000	0.807000	1452475315	434873192	1042779102	1452467587	548694875	222854750	
1	streamcluster	1	1036	31	5.048000	0.888000	1467636459	435113500	1042774337	1467628598	549520366	222854555	
1	streamcluster	1	1036	31	5.048000	0.888000	1463326499	432861625	1037695113	1463318673	546384077	221939131	
1	streamcluster	1	1036	31	5.048000	0.848000	1473688212	437271737	1048409290	1473679756	551295272	224030906	
1	streamcluster	1	1132	31	5.048000	0.928000	1479819100	434799617	1043394827	1479811414	548787699	222939527	
1	streamcluster	1	1132	31	5.048000	0.888000	1482996246	436132483	1047335709	1482988315	549734080	223865441	
1	streamcluster	1	1132	31	5.048000	0.888000	1488148466	437886770	1052642911	1488140689	551829641	224990341	
1	streamcluster	1	1224	31	5.048000	1.090000	1492358381	434071184	1042599795	1492350716	547620740	222806381	
1	streamcluster	1	1224	31	5.048000	1.049000	1490457075	434150853	1041582929	1490449389	547314345	222587416	
1	streamcluster	1	1224	31	5.048000	1.049000	1502646122	437895509	1051846246	1502638422	550683146	224678462	
1	streamcluster	1	1428	31	5.040000	1.290000	1521029609	433860114	1040525561	1521021902	546428880	222460747	
1	streamcluster	1	1428	31	5.040000	1.290000	1519454509	433779603	1040179890	1519446991	546258451	222300124	
1	streamcluster	1	1428	31	5.040000	1.249000	1531668593	436654326	1048018401	1531661054	549622243	223900212	
1	streamcluster	1	1479	31	5.040000	1.370000	1531284890	433988830	1041580264	1531277190	547377444	222723370	
1	streamcluster	1	1479	31	5.040000	1.370000	1537601177	436391944	1047926812	1537593057	549316653	224024040	
1	streamcluster	1	1479	31	5.040000	1.370000	1542747150	437846112	1052632254	1542739604	550724651	224801957	
1	vips	1	102	30	5.072000	0.243000	1605126065	504014537	1244581874	1605113626	631021002	254406402	
1	vips	1	102	30	5.072000	0.243000	1600340136	502257473	1240524748	1600329335	629273840	253599468	
1	vips	1	102	30	5.072000	0.243000	1602794629	502180637	1238803708	1602783212	630523975	253507650	
1	vips	1	204	30	5.072000	0.324000	1565301449	493333070	1220620282	1565290830	615414649	249777023	
1	vips	1	204	30	5.072000	0.324000	1564191355	493575756	1220415417	1564181037	617276450	249937971	
1	vips	1	204	30	5.072000	0.324000	1559393243	492423876	1218413666	1559383093	614804680	249362232	
1	vips	1	307	30	5.072000	0.364000	1561154563	491324021	1217601173	1561144672	611140307	249386372	
1	vips	1	307	30	5.072000	0.365000	1561397034	490925335	1215860223	1561387402	611687607	249176932	
1	vips	1	307	30	5.072000	0.365000	1562735201	491613514	1217834532	1562725415	612941592	249539915	
1	vips	1	403	30	5.072000	0.405000	1562552965	489567008	1212543893	1562543977	608129084	248426186	
1	vips	1	403	30	5.072000	0.405000	1563092320	489751541	1211652149	1563083430	611226340	248316070	
1	vips	1	403	30	5.072000	0.405000	1565974021	489151301	1210036791	1565964970	612057851	248145813	
1	vips	1	518	30	5.072000	0.446000	1581049501	490673716	1216744768	1581040100	609463006	249420063	
1	vips	1	518	30	5.072000	0.486000	1582210604	490355613	1214781465	1582201861	610555914	249057284	
1	vips	1	518	30	5.072000	0.486000	1566331531	484963467	1200201451	1566322361	603418363	245776381	
1	vips	1	614	30	5.072000	0.486000	1580310359	485123131	1201502949	1580301434	603502064	246276058	
1	vips	1	614	30	5.072000	0.486000	1590663909	489363496	1212271950	1590655712	609042485	248554430	
1	vips	1	614	30	5.072000	0.486000	1584894118	487443301	1206014051	1584885725	607924258	247501692	
1	vips	1	710	30	5.064000	0.567000	1595043111	487040235	1204764567	1595034557	606233301	246926550	
1	vips	1	710	30	5.064000	0.648000	1583548301	483220673	1196159726	1583539922	601120810	245109920	
1	vips	1	710	30	5.064000	0.607000	1593925447	486147505	1204660409	1593917194	605039869	246927596	
1	vips	1	921	30	5.064000	0.648000	1628103129	487694653	1209406683	1628095079	604941273	247957492	
1	vips	1	921	30	5.064000	0.648000	1617860175	484390118	1198897775	1617851978	604095767	245989328	
1	vips	1	921	30	5.064000	0.648000	1628002355	489078055	1211896584	1627994025	608685639	248662694	
1	vips	1	1036	30	5.064000	0.729000	1635517037	485343823	1202092876	1635508833	603230004	246429992	
1	vips	1	1036	30	5.064000	0.729000	1643648744	486541978	1204411102	1643639784	606835390	247156682	
1	vips	1	1036	30	5.064000	0.729000	1636392209	485509152	1201246642	1636384103	605111225	246272205	
1	vips	1	1132	31	5.064000	0.769000	1672434956	493488649	1224054106	1672426682	611192335	250914609	
1	vips	1	1132	31	5.056000	0.768000	1666283757	490618295	1216359297	1666274839	608748496	249411521	
1	vips	1	1132	30	5.064000	0.769000	1647036096	485681766	1203746141	1647028004	603711882	246894300	
1	vips	1	1224	31	5.056000	0.849000	1662278062	484455213	1199667378	1662270180	603899288	246033186	
1	vips	1	1224	31	5.056000	0.889000	1651175719	481775740	1191841974	1651166514	598479848	244320753	
1	vips	1	1224	31	5.056000	0.849000	1662786454	485142733	1202913940	1662777865	603366690	246673056	
1	vips	1	1428	31	5.048000	1.130000	1708010017	490254237	1216455836	1708002037	607844296	249410370	
1	vips	1	1428	31	5.048000	1.090000	1692321510	483472624	1198241819	1692313005	601524087	245683452	
1	vips	1	1428	32	5.048000	1.130000	1689504953	484764500	1200866065	1689497211	601749260	246237198	
1	vips	1	1479	31	5.048000	1.171000	1691227605	482866746	1195530019	1691219212	599160869	244928170	
1	vips	1	1479	31	5.048000	1.211000	1690570167	482581571	1194803917	1690562404	598374667	244776591	
1	vips	1	1479	31	5.048000	1.211000	1702289801	485989105	1205222450	1702282101	604109027	247159816	
1	x264	1	102	30	5.072000	0.243000	1442403167	451031740	1078561543	1442391701	574747259	229486973	
1	x264	1	102	30	5.072000	0.243000	1442400667	454283234	1088038069	1442389551	577645271	231362469	
1	x264	1	102	30	5.072000	0.243000	1452213352	455795415	1091589182	1452201970	580471316	232228906	
1	x264	1	204	30	5.072000	0.324000	1413146773	447030304	1072434883	1413137239	566537195	228740004	
1	x264	1	204	30	5.072000	0.324000	1424023199	449639263	1080489605	1424013483	569867999	230295857	
1	x264	1	204	30	5.072000	0.324000	1421507670	447356827	1072922513	1421497989	567806331	228847058	
1	x264	1	307	30	5.072000	0.365000	1406400765	442852467	1062959936	1406390853	560097270	226700916	
1	x264	1	307	30	5.072000	0.365000	1407692437	444122830	1065991614	1407683358	561386419	227568331	
1	x264	1	307	30	5.072000	0.365000	1411489805	444269720	1065844567	1411481398	561938673	227399427	
1	x264	1	403	30	5.072000	0.445000	1405451272	440353234	1056491539	1405442942	557057845	225396421	
1	x264	1	403	30	5.072000	0.405000	1412259670	441821965	1060779513	1412250871	558386912	226435413	
1	x264	1	403	30	5.072000	0.446000	1427804992	446449572	1073781397	1427795360	564696694	229072999	
1	x264	1	518	30	5.072000	0.446000	1414610520	438090054	1050647558	1414602190	553997868	224186473	
1	x264	1	518	30	5.072000	0.446000	1422981313	441701287	1059744472	1422972752	557536733	226226241	
1	x264	1	518	30	5.072000	0.446000	1423656717	441798292	1059326516	1423648527	557427110	226142661	
1	x264	1	614	30	5.072000	0.486000	1421696639	436751780	1047669385	1421688624	552088598	223776313	
1	x264	1	614	30	5.072000	0.486000	1430322319	440157091	1056757597	1430314234	556035720	225655553	
1	x264	1	614	31	5.072000	0.486000	1428842633	440068581	1055916278	1428834478	555538379	225467549	
1	x264	1	710	30	5.064000	0.526000	1441836814	439953912	1056088304	1441828799	555401698	225482201	
1	x264	1	710	30	5.064000	0.526000	1442510051	441308022	1059912722	1442502358	556383245	226201499	
1	x264	1	710	30	5.064000	0.526000	1432259876	436585670	1047290854	1432251966	551878246	223732170	
1	x264	1	921	31	5.072000	0.568000	1460515361	436682107	1047155819	1460507703	551537020	223559372	
1	x264	1	921	31	5.072000	0.568000	1479088486	443349298	1065719976	1479080387	558394849	227521080	
1	x264	1	921	31	5.056000	0.930000	1465078147	437517720	1050111333	1465070433	552128942	224429651	
1	x264	1	1036	30	5.064000	0.769000	1540653773	438886324	1053499555	1540645730	554997608	225245778	
1	x264	1	1036	31	5.064000	0.729000	1489995847	440967956	1059635011	1489987720	556422444	226423910	
1	x264	1	1036	31	5.064000	0.729000	1479998607	437073965	1047126049	1479990354	552162961	223803664	
1	x264	1	1132	30	5.064000	0.688000	1499700050	439181129	1055068721	1499692238	554992297	225402524	
1	x264	1	1132	31	5.064000	0.688000	1515346721	445280788	1071237350	1515338146	560741958	228896444	
1	x264	1	1132	31	5.048000	1.049000	1490314939	436596891	1047039673	1490307239	550699893	223660116	
1	x264	1	1224	31	5.064000	0.729000	1573559239	438477472	1050990759	1573551357	554304107	224738347	
1	x264	1	1224	31	5.064000	0.769000	1504963661	437652185	1050326517	1504955632	552175260	224324372	
1	x264	1	1224	31	5.056000	0.768000	1516973506	441310722	1059625780	1516965400	555855491	226196748	
1	x264	1	1428	31	5.056000	0.930000	1535395491	439043111	1054412000	1535387980	552332200	225104162	
1	x264	1	1428	32	5.056000	0.930000	1529720913	436264913	1046811547	1529713164	549494151	223538409	
1	x264	1	1428	31	5.056000	0.930000	1547968043	441288459	1060884224	1547960196	555514943	226638473	
1	x264	1	1479	31	5.056000	1.011000	1543905636	437578057	1049813847	1543898167	552337304	224439197	
1	x264	1	1479	32	5.056000	0.970000	1547534359	438899164	1053789808	1547526743	552504579	225050135	
1	x264	1	1479	32	5.056000	0.970000	1542681454	437049107	1049239747	1542673593	552290130	224223118	
