Run Duration (ms)	Benchmark	Run(#)	CPU Frequency (MHz)	CPU Temperature(C)	Voltage[V]	Power[W]	CPU_CYCLES	EXC_PABORT	EXC_DABORT	0EXC_IRQ	0EXC_FIQ	0EXC_SMC
19.000000	blackscholes	1	102	33.000000	5.072000	0.243000	1443983205	9807	77023	4678	0	347	
17.000000	blackscholes	1	102	33.000000	5.072000	0.243000	1444894369	9789	77616	4611	0	350	
17.000000	blackscholes	1	102	32.000000	5.072000	0.243000	1453810929	10120	77668	4763	0	334	
8.000000	blackscholes	1	204	32.000000	5.064000	0.364000	1397932531	9481	77066	2326	0	332	
8.000000	blackscholes	1	204	33.000000	5.064000	0.364000	1409856508	10088	77307	2575	0	327	
9.000000	blackscholes	1	204	32.000000	5.056000	0.364000	1416334551	10141	77655	2506	0	334	
5.000000	blackscholes	1	307	33.000000	5.064000	0.445000	1394639191	9827	77014	1789	0	330	
5.000000	blackscholes	1	307	33.000000	5.056000	0.444000	1403137664	9814	77335	1767	0	328	
5.000000	blackscholes	1	307	33.000000	5.056000	0.444000	1426975998	11123	77584	1864	0	327	
5.000000	blackscholes	1	403	33.000000	5.056000	0.525000	1402381059	9807	77293	1242	0	331	
5.000000	blackscholes	1	403	33.000000	5.056000	0.525000	1414472432	10122	77649	1399	0	328	
5.000000	blackscholes	1	403	33.000000	5.056000	0.525000	1412800468	10462	77297	1454	0	325	
4.000000	blackscholes	1	518	33.000000	5.056000	0.606000	1421118830	9762	77689	1126	0	330	
4.000000	blackscholes	1	518	33.000000	5.056000	0.606000	1418046116	10140	77674	1074	0	324	
4.000000	blackscholes	1	518	33.000000	5.056000	0.606000	1424203571	10490	77285	1084	0	328	
3.000000	blackscholes	1	614	33.000000	5.048000	0.646000	1442521002	10779	77612	950	0	336	
3.000000	blackscholes	1	614	33.000000	5.048000	0.646000	1417739400	9462	77011	914	0	330	
4.000000	blackscholes	1	614	33.000000	5.048000	0.646000	1429044919	10120	77340	859	0	327	
4.000000	blackscholes	1	710	33.000000	5.048000	0.726000	1439116358	9817	77335	838	0	328	
4.000000	blackscholes	1	710	33.000000	5.048000	0.686000	1448936012	10170	77682	776	0	328	
4.000000	blackscholes	1	710	33.000000	5.048000	0.726000	1428555127	9468	77023	733	0	325	
3.000000	blackscholes	1	921	33.000000	5.048000	0.848000	1481037449	10809	77349	558	0	329	
3.000000	blackscholes	1	921	33.000000	5.048000	0.848000	1469240040	10105	77013	668	0	332	
3.000000	blackscholes	1	921	33.000000	5.040000	0.887000	1473867544	10124	77323	619	0	330	
2.000000	blackscholes	1	1036	33.000000	5.040000	0.927000	1485240447	9804	77718	521	0	326	
3.000000	blackscholes	1	1036	34.000000	5.040000	0.967000	1475533127	9796	77052	532	0	328	
4.000000	blackscholes	1	1036	33.000000	5.048000	0.888000	1498745765	10794	77893	574	0	331	
3.000000	blackscholes	1	1132	34.000000	5.040000	0.927000	1484571350	9498	77294	531	0	332	
3.000000	blackscholes	1	1132	33.000000	5.048000	0.928000	1497639621	9805	77617	524	0	324	
2.000000	blackscholes	1	1132	34.000000	5.048000	1.009000	1487829083	9788	77025	527	0	327	
2.000000	blackscholes	1	1224	34.000000	5.048000	1.090000	1499833490	9431	77330	513	0	332	
4.000000	blackscholes	1	1224	34.000000	5.040000	1.088000	1503038744	9800	77333	419	0	323	
2.000000	blackscholes	1	1224	34.000000	5.048000	1.090000	1511937475	10113	78014	475	0	333	
3.000000	blackscholes	1	1428	34.000000	5.032000	1.368000	1533228917	9811	77641	398	0	326	
3.000000	blackscholes	1	1428	34.000000	5.040000	1.330000	1533834585	10103	77629	393	0	333	
3.000000	blackscholes	1	1428	34.000000	5.032000	1.328000	1535991547	10178	77336	410	0	326	
3.000000	blackscholes	1	1479	34.000000	5.032000	1.408000	1540903862	9769	77324	404	0	326	
2.000000	blackscholes	1	1479	34.000000	5.032000	1.449000	1546071349	10141	77721	418	0	325	
2.000000	blackscholes	1	1479	34.000000	5.032000	1.449000	1529899611	9799	77007	434	0	325	
16.000000	bodytrack	1	102	33.000000	5.072000	0.243000	1688764473	10151	79768	5181	0	379	
21.000000	bodytrack	1	102	33.000000	5.072000	0.243000	1678850976	9836	79147	5087	0	346	
21.000000	bodytrack	1	102	33.000000	5.072000	0.243000	1681696984	10162	79151	4853	0	345	
6.000000	bodytrack	1	204	33.000000	5.072000	0.324000	1658016181	10458	79772	2759	0	336	
7.000000	bodytrack	1	204	33.000000	5.072000	0.324000	1660915873	10794	80048	2731	0	341	
7.000000	bodytrack	1	204	33.000000	5.072000	0.324000	1643923255	9814	79483	2679	0	354	
6.000000	bodytrack	1	307	33.000000	5.072000	0.365000	1638813143	9800	79442	1962	0	345	
5.000000	bodytrack	1	307	32.000000	5.064000	0.364000	1639359573	9796	80075	1772	0	327	
5.000000	bodytrack	1	307	32.000000	5.064000	0.364000	1639290870	9814	79431	2098	0	328	
5.000000	bodytrack	1	403	33.000000	5.064000	0.405000	1659119089	10820	79445	1644	0	330	
5.000000	bodytrack	1	403	32.000000	5.064000	0.405000	1637498564	9808	79752	1453	0	330	
4.000000	bodytrack	1	403	33.000000	5.072000	0.405000	1638496403	9475	80052	1501	0	323	
5.000000	bodytrack	1	518	33.000000	5.064000	0.445000	1670046436	10799	79436	1218	0	330	
4.000000	bodytrack	1	518	33.000000	5.064000	0.445000	1666468469	10173	79787	1297	0	330	
4.000000	bodytrack	1	518	33.000000	5.064000	0.486000	1652645429	9830	79454	1338	0	332	
4.000000	bodytrack	1	614	33.000000	5.064000	0.526000	1672463123	9803	80073	1004	0	325	
4.000000	bodytrack	1	614	33.000000	5.064000	0.526000	1668833363	10143	79452	1059	0	327	
3.000000	bodytrack	1	614	33.000000	5.064000	0.526000	1659956430	9450	79817	1055	0	329	
4.000000	bodytrack	1	710	33.000000	5.064000	0.567000	1686727301	9817	80386	962	0	323	
3.000000	bodytrack	1	710	33.000000	5.064000	0.567000	1682886055	10190	79469	970	0	333	
4.000000	bodytrack	1	710	33.000000	5.064000	0.567000	1674369421	9801	79157	1015	0	325	
2.000000	bodytrack	1	921	34.000000	5.056000	0.687000	1702318152	9470	79164	776	0	324	
3.000000	bodytrack	1	921	34.000000	5.056000	0.687000	1700359109	9466	79162	733	0	330	
3.000000	bodytrack	1	921	33.000000	5.056000	0.687000	1713286046	9835	79704	765	0	329	
3.000000	bodytrack	1	1036	33.000000	5.056000	0.848000	1725554924	9780	79472	665	0	330	
3.000000	bodytrack	1	1036	33.000000	5.056000	0.808000	1732892997	9805	80121	822	0	324	
3.000000	bodytrack	1	1036	33.000000	5.056000	0.728000	1739201802	10783	79439	767	0	332	
3.000000	bodytrack	1	1132	33.000000	5.048000	0.848000	1738097790	10166	79815	615	0	326	
3.000000	bodytrack	1	1132	33.000000	5.048000	0.848000	1733765995	9780	79492	722	0	332	
3.000000	bodytrack	1	1132	34.000000	5.048000	0.848000	1723009762	9509	79175	612	0	332	
3.000000	bodytrack	1	1224	34.000000	5.048000	0.969000	1764724179	10784	79765	636	0	330	
2.000000	bodytrack	1	1224	33.000000	5.048000	0.928000	1754455524	10155	79462	566	0	330	
3.000000	bodytrack	1	1224	33.000000	5.048000	0.969000	1758129613	10502	79463	632	0	331	
3.000000	bodytrack	1	1428	34.000000	5.040000	1.209000	1777195315	9811	79479	555	0	330	
2.000000	bodytrack	1	1428	35.000000	5.040000	1.169000	1781011702	9800	79148	610	0	328	
3.000000	bodytrack	1	1428	34.000000	5.040000	1.209000	1770075303	9449	79172	581	0	330	
3.000000	bodytrack	1	1479	35.000000	5.032000	1.330000	1783688616	9745	79152	489	0	333	
3.000000	bodytrack	1	1479	35.000000	5.040000	1.290000	1797755038	10139	79783	548	0	331	
3.000000	bodytrack	1	1479	34.000000	5.040000	1.290000	1789159590	9787	79492	581	0	334	
22.000000	dedup	1	102	32.000000	5.072000	0.243000	1458924955	9773	79239	4877	0	336	
29.000000	dedup	1	102	33.000000	5.072000	0.243000	1457106977	9782	78656	4721	0	336	
19.000000	dedup	1	102	33.000000	5.072000	0.243000	1453276360	9827	78437	4808	0	337	
8.000000	dedup	1	204	33.000000	5.064000	0.364000	1416356205	9816	78326	2457	0	337	
8.000000	dedup	1	204	33.000000	5.064000	0.364000	1414353098	10137	78390	2373	0	331	
8.000000	dedup	1	204	33.000000	5.064000	0.364000	1418075256	9795	79252	2400	0	325	
5.000000	dedup	1	307	33.000000	5.064000	0.445000	1422409985	10486	78950	1651	0	332	
6.000000	dedup	1	307	33.000000	5.056000	0.444000	1419672839	10168	78982	1622	0	328	
5.000000	dedup	1	307	33.000000	5.056000	0.444000	1421240844	10126	79234	1649	0	327	
8.000000	dedup	1	403	33.000000	5.056000	0.525000	1405191241	9471	78332	1286	0	325	
4.000000	dedup	1	403	33.000000	5.056000	0.525000	1424866040	10462	78642	1341	0	325	
4.000000	dedup	1	403	33.000000	5.056000	0.525000	1425725218	10147	78970	1345	0	328	
4.000000	dedup	1	518	33.000000	5.056000	0.606000	1431428230	10434	78122	1045	0	330	
4.000000	dedup	1	518	33.000000	5.056000	0.606000	1432787839	10495	79027	1026	0	332	
4.000000	dedup	1	518	33.000000	5.056000	0.566000	1424894279	9851	78612	1005	0	333	
3.000000	dedup	1	614	33.000000	5.048000	0.647000	1438152097	9794	78945	807	0	332	
5.000000	dedup	1	614	33.000000	5.048000	0.646000	1441786399	9806	78962	896	0	328	
3.000000	dedup	1	614	33.000000	5.056000	0.647000	1434864317	9797	78669	895	0	328	
3.000000	dedup	1	710	33.000000	5.048000	0.726000	1441847238	9440	77825	887	0	325	
4.000000	dedup	1	710	33.000000	5.048000	0.686000	1457040175	10090	78627	832	0	339	
4.000000	dedup	1	710	33.000000	5.048000	0.767000	1441778726	9474	78948	789	0	329	
3.000000	dedup	1	921	33.000000	5.040000	0.927000	1469748881	9469	78675	598	0	334	
3.000000	dedup	1	921	33.000000	5.048000	0.848000	1496448853	10097	79581	680	0	331	
4.000000	dedup	1	921	33.000000	5.040000	0.846000	1481498369	9771	78150	598	0	323	
3.000000	dedup	1	1036	33.000000	5.040000	0.967000	1496699722	9800	78357	589	0	332	
3.000000	dedup	1	1036	33.000000	5.040000	0.967000	1505385069	10499	78631	557	0	324	
4.000000	dedup	1	1036	33.000000	5.040000	0.967000	1493313868	9801	77832	602	0	324	
3.000000	dedup	1	1132	33.000000	5.048000	1.048000	1514637996	10446	78922	499	0	329	
4.000000	dedup	1	1132	33.000000	5.040000	0.967000	1508186480	10152	78126	595	0	324	
3.000000	dedup	1	1132	33.000000	5.040000	1.008000	1508714619	10148	78640	510	0	330	
3.000000	dedup	1	1224	34.000000	5.040000	1.048000	1519778789	10179	78335	450	0	325	
3.000000	dedup	1	1224	34.000000	5.040000	1.048000	1530824438	10159	78755	468	0	328	
3.000000	dedup	1	1224	34.000000	5.040000	1.088000	1543539847	11140	78630	548	0	330	
2.000000	dedup	1	1428	34.000000	5.032000	1.408000	1546059203	9815	78430	498	0	325	
3.000000	dedup	1	1428	34.000000	5.032000	1.408000	1540843574	9768	78142	434	0	331	
3.000000	dedup	1	1428	34.000000	5.032000	1.408000	1547092279	10154	78317	401	0	329	
3.000000	dedup	1	1479	34.000000	5.032000	1.368000	1569630629	10475	79211	395	0	332	
3.000000	dedup	1	1479	34.000000	5.032000	1.487000	1566106550	10182	78988	433	0	330	
3.000000	dedup	1	1479	35.000000	5.032000	1.489000	1580617588	10839	79263	403	0	332	
15.000000	ferret	1	102	33.000000	5.072000	0.243000	1468022449	10098	78493	4291	0	325	
14.000000	ferret	1	102	32.000000	5.072000	0.243000	1463239140	10134	77855	4290	0	338	
26.000000	ferret	1	102	32.000000	5.080000	0.243000	1479757664	10482	78742	4275	0	336	
7.000000	ferret	1	204	32.000000	5.072000	0.324000	1452834214	10098	79099	2655	0	346	
6.000000	ferret	1	204	32.000000	5.072000	0.324000	1436090756	9845	78483	2455	0	334	
7.000000	ferret	1	204	32.000000	5.072000	0.324000	1433997996	9826	78210	2386	0	337	
5.000000	ferret	1	307	32.000000	5.072000	0.365000	1430222063	9827	78131	1765	0	327	
6.000000	ferret	1	307	32.000000	5.072000	0.405000	1428168539	9758	77895	1728	0	328	
5.000000	ferret	1	307	32.000000	5.072000	0.365000	1433379051	10115	78168	1683	0	325	
4.000000	ferret	1	403	32.000000	5.072000	0.405000	1439462746	9815	78791	1374	0	325	
4.000000	ferret	1	403	33.000000	5.072000	0.405000	1451866921	10820	79087	1356	0	329	
4.000000	ferret	1	403	33.000000	5.072000	0.405000	1439396235	9817	78525	1339	0	326	
3.000000	ferret	1	518	32.000000	5.072000	0.446000	1446505593	9801	78156	1125	0	336	
4.000000	ferret	1	518	33.000000	5.072000	0.446000	1448364620	10153	78182	1061	0	324	
4.000000	ferret	1	518	32.000000	5.072000	0.446000	1451914800	10128	78473	1042	0	329	
3.000000	ferret	1	614	32.000000	5.072000	0.486000	1476729158	10781	78428	1037	0	326	
4.000000	ferret	1	614	33.000000	5.072000	0.446000	1459564485	9773	78436	958	0	326	
3.000000	ferret	1	614	33.000000	5.072000	0.486000	1470693775	10525	78762	949	0	328	
3.000000	ferret	1	710	32.000000	5.072000	0.527000	1458110896	9490	78144	819	0	326	
3.000000	ferret	1	710	33.000000	5.072000	0.486000	1478391438	10442	78190	932	0	332	
3.000000	ferret	1	710	33.000000	5.072000	0.486000	1474406618	9836	78802	880	0	326	
3.000000	ferret	1	921	33.000000	5.064000	0.567000	1497237304	9822	78214	764	0	330	
3.000000	ferret	1	921	33.000000	5.072000	0.568000	1507609673	10134	78716	736	0	326	
2.000000	ferret	1	921	33.000000	5.064000	0.567000	1505989248	10135	78448	729	0	327	
3.000000	ferret	1	1036	33.000000	5.064000	0.607000	1513715113	9796	77883	624	0	332	
3.000000	ferret	1	1036	33.000000	5.064000	0.688000	1517314706	10170	78468	537	0	328	
3.000000	ferret	1	1036	33.000000	5.064000	0.648000	1511128386	9804	78186	671	0	336	
2.000000	ferret	1	1132	33.000000	5.072000	0.608000	1520941513	10114	78146	608	0	326	
3.000000	ferret	1	1132	33.000000	5.064000	0.648000	1511928216	9494	77841	533	0	332	
3.000000	ferret	1	1132	33.000000	5.064000	0.648000	1531886668	10817	78415	580	0	328	
3.000000	ferret	1	1224	33.000000	5.064000	0.729000	1531343475	9793	77869	530	0	328	
3.000000	ferret	1	1224	34.000000	5.064000	0.729000	1532607704	9799	78415	481	0	325	
3.000000	ferret	1	1224	33.000000	5.064000	0.729000	1532461816	9808	78427	509	0	330	
2.000000	ferret	1	1428	33.000000	5.056000	0.889000	1574467200	10154	78516	456	0	325	
2.000000	ferret	1	1428	34.000000	5.056000	0.930000	1562784633	9795	78513	472	0	331	
3.000000	ferret	1	1428	34.000000	5.056000	0.930000	1562247139	10161	78471	429	0	331	
2.000000	ferret	1	1479	34.000000	5.056000	0.970000	1570118637	9781	78197	446	0	326	
3.000000	ferret	1	1479	34.000000	5.056000	0.970000	1583001594	10153	78475	532	0	328	
3.000000	ferret	1	1479	34.000000	5.056000	1.009000	1591942406	10768	78754	459	0	332	
14.000000	fluidanimate	1	102	32.000000	5.072000	0.243000	1487967046	9863	78758	4862	0	336	
14.000000	fluidanimate	1	102	33.000000	5.072000	0.243000	1492289201	9810	79084	5071	0	341	
16.000000	fluidanimate	1	102	32.000000	5.072000	0.243000	1490485860	9832	78764	4905	0	330	
9.000000	fluidanimate	1	204	33.000000	5.064000	0.364000	1460450336	10148	79118	2563	0	345	
8.000000	fluidanimate	1	204	33.000000	5.064000	0.364000	1452326427	9807	79056	2367	0	336	
7.000000	fluidanimate	1	204	33.000000	5.064000	0.364000	1471042568	10867	79067	2374	0	334	
5.000000	fluidanimate	1	307	33.000000	5.064000	0.405000	1454767989	10160	78561	1725	0	326	
7.000000	fluidanimate	1	307	33.000000	5.064000	0.445000	1452147062	9772	79314	1841	0	329	
6.000000	fluidanimate	1	307	33.000000	5.064000	0.444000	1446716330	9843	78467	1800	0	327	
5.000000	fluidanimate	1	403	33.000000	5.056000	0.525000	1452752746	10147	78431	1424	0	331	
4.000000	fluidanimate	1	403	33.000000	5.056000	0.485000	1445821613	9474	78728	1551	0	336	
4.000000	fluidanimate	1	403	33.000000	5.056000	0.485000	1473191054	10773	78699	1477	0	340	
4.000000	fluidanimate	1	518	33.000000	5.056000	0.566000	1473673776	10162	79067	1181	0	329	
4.000000	fluidanimate	1	518	33.000000	5.056000	0.566000	1461670765	9815	78781	1122	0	327	
4.000000	fluidanimate	1	518	33.000000	5.056000	0.566000	1473232359	10214	79040	1031	0	330	
4.000000	fluidanimate	1	614	33.000000	5.056000	0.606000	1473998192	9832	78754	993	0	327	
3.000000	fluidanimate	1	614	33.000000	5.056000	0.647000	1474236863	9841	78451	906	0	326	
4.000000	fluidanimate	1	614	33.000000	5.056000	0.647000	1475286843	9800	78765	1071	0	329	
4.000000	fluidanimate	1	710	33.000000	5.056000	0.687000	1491911986	9794	79648	866	0	329	
3.000000	fluidanimate	1	710	33.000000	5.048000	0.686000	1493412174	10157	79323	756	0	329	
4.000000	fluidanimate	1	710	33.000000	5.056000	0.687000	1505841584	10760	79047	961	0	325	
3.000000	fluidanimate	1	921	33.000000	5.048000	0.848000	1516972074	9782	79044	612	0	329	
3.000000	fluidanimate	1	921	33.000000	5.048000	0.848000	1532189658	10779	78781	652	0	328	
3.000000	fluidanimate	1	921	33.000000	5.048000	0.848000	1515815784	9810	78770	748	0	332	
3.000000	fluidanimate	1	1036	33.000000	5.040000	0.927000	1545879989	10141	78752	599	0	328	
3.000000	fluidanimate	1	1036	33.000000	5.040000	0.927000	1526762644	9468	78848	686	0	327	
3.000000	fluidanimate	1	1036	34.000000	5.040000	0.927000	1532521680	9768	78739	684	0	331	
3.000000	fluidanimate	1	1132	33.000000	5.048000	0.928000	1538347309	9810	79047	555	0	332	
3.000000	fluidanimate	1	1132	33.000000	5.040000	0.927000	1534764459	9825	78425	595	0	329	
2.000000	fluidanimate	1	1132	33.000000	5.040000	0.927000	1541370789	9764	79020	558	0	332	
3.000000	fluidanimate	1	1224	34.000000	5.024000	1.487000	1593534162	10146	78774	629	0	405	
2.000000	fluidanimate	1	1224	34.000000	5.040000	1.086000	1580327483	9762	79091	602	0	361	
3.000000	fluidanimate	1	1224	34.000000	5.040000	1.169000	1559571430	10470	78709	490	0	329	
2.000000	fluidanimate	1	1428	34.000000	5.024000	1.446000	1599628797	10513	79647	497	0	331	
3.000000	fluidanimate	1	1428	34.000000	5.024000	1.567000	1579738584	9785	78457	487	0	336	
3.000000	fluidanimate	1	1428	35.000000	5.024000	1.567000	1585321112	9836	78745	444	0	328	
3.000000	fluidanimate	1	1479	34.000000	5.032000	1.368000	1574163229	9507	78412	440	0	329	
2.000000	fluidanimate	1	1479	34.000000	5.024000	1.527000	1608784349	10820	79022	452	0	331	
3.000000	fluidanimate	1	1479	35.000000	5.024000	1.607000	1599091716	10147	79048	456	0	326	
25.000000	freqmine	1	102	33.000000	5.072000	0.243000	1458118676	9457	78248	4557	0	333	
17.000000	freqmine	1	102	33.000000	5.072000	0.243000	1478791673	10184	78139	5028	0	341	
21.000000	freqmine	1	102	33.000000	5.072000	0.243000	1478908853	10487	77726	4969	0	341	
10.000000	freqmine	1	204	33.000000	5.064000	0.324000	1431378300	9821	78197	2514	0	328	
11.000000	freqmine	1	204	33.000000	5.064000	0.324000	1428740249	9814	78053	2437	0	334	
7.000000	freqmine	1	204	33.000000	5.064000	0.364000	1431684579	9782	78012	2571	0	325	
6.000000	freqmine	1	307	33.000000	5.064000	0.405000	1436120006	10183	78473	1810	0	329	
5.000000	freqmine	1	307	33.000000	5.064000	0.445000	1420197672	9468	77630	1743	0	327	
6.000000	freqmine	1	307	33.000000	5.056000	0.444000	1435095549	9808	78384	1774	0	328	
4.000000	freqmine	1	403	33.000000	5.056000	0.485000	1419979610	9460	77796	1445	0	327	
6.000000	freqmine	1	403	33.000000	5.056000	0.485000	1432754476	9832	78142	1340	0	329	
5.000000	freqmine	1	403	32.000000	5.056000	0.485000	1424282677	9493	77652	1380	0	326	
4.000000	freqmine	1	518	33.000000	5.056000	0.566000	1444554028	9812	77965	1208	0	330	
4.000000	freqmine	1	518	33.000000	5.056000	0.525000	1440694805	9793	78799	1183	0	333	
3.000000	freqmine	1	518	33.000000	5.056000	0.566000	1443379151	9833	77837	1176	0	326	
4.000000	freqmine	1	614	33.000000	5.056000	0.606000	1461316471	10123	78353	905	0	327	
4.000000	freqmine	1	614	33.000000	5.056000	0.605000	1457581455	9840	78427	979	0	328	
3.000000	freqmine	1	614	33.000000	5.056000	0.606000	1469968769	10819	78291	933	0	327	
4.000000	freqmine	1	710	33.000000	5.048000	0.686000	1460883473	9810	77930	936	0	325	
3.000000	freqmine	1	710	33.000000	5.048000	0.686000	1467029578	9830	77975	795	0	330	
3.000000	freqmine	1	710	33.000000	5.048000	0.686000	1477554199	10452	77879	891	0	328	
3.000000	freqmine	1	921	33.000000	5.048000	0.807000	1487175814	9448	77967	682	0	327	
3.000000	freqmine	1	921	33.000000	5.048000	0.807000	1499432261	9849	78404	716	0	323	
3.000000	freqmine	1	921	33.000000	5.048000	0.767000	1489280179	9531	77847	706	0	326	
3.000000	freqmine	1	1036	34.000000	5.040000	0.967000	1518049351	10453	78104	652	0	329	
3.000000	freqmine	1	1036	33.000000	5.040000	0.967000	1511739701	9816	77654	663	0	327	
3.000000	freqmine	1	1036	34.000000	5.048000	0.888000	1509648688	9861	77977	696	0	330	
2.000000	freqmine	1	1132	34.000000	5.040000	0.928000	1521837973	9856	78349	615	0	326	
3.000000	freqmine	1	1132	33.000000	5.048000	0.848000	1516775607	9812	77934	657	0	330	
2.000000	freqmine	1	1132	33.000000	5.040000	0.928000	1522004321	9798	78754	498	0	327	
3.000000	freqmine	1	1224	34.000000	5.040000	1.169000	1535055194	9849	78770	587	0	327	
3.000000	freqmine	1	1224	34.000000	5.040000	1.088000	1532714043	9780	77947	572	0	323	
3.000000	freqmine	1	1224	34.000000	5.040000	1.128000	1532868370	9814	78398	551	0	328	
3.000000	freqmine	1	1428	34.000000	5.032000	1.449000	1554425462	9770	77885	508	0	333	
4.000000	freqmine	1	1428	34.000000	5.032000	1.247000	1557761051	9831	78398	426	0	328	
3.000000	freqmine	1	1428	34.000000	5.032000	1.368000	1555626917	10121	77657	477	0	329	
3.000000	freqmine	1	1479	35.000000	5.032000	1.529000	1556346671	9464	78050	451	0	330	
3.000000	freqmine	1	1479	35.000000	5.024000	1.446000	1581535966	10141	78257	535	0	332	
3.000000	freqmine	1	1479	35.000000	5.032000	1.529000	1565410341	9863	77680	503	0	332	
16.000000	streamcluster	1	102	33.000000	5.072000	0.243000	1433584173	10082	76951	4626	0	353	
16.000000	streamcluster	1	102	33.000000	5.072000	0.243000	1436771436	9723	77541	4802	0	344	
17.000000	streamcluster	1	102	32.000000	5.072000	0.243000	1439746238	9759	77197	4603	0	330	
7.000000	streamcluster	1	204	33.000000	5.064000	0.364000	1400957689	9689	77215	2534	0	323	
11.000000	streamcluster	1	204	33.000000	5.064000	0.364000	1405233167	10085	77534	2483	0	330	
8.000000	streamcluster	1	204	32.000000	5.064000	0.364000	1415348077	10418	77522	2602	0	325	
5.000000	streamcluster	1	307	32.000000	5.056000	0.445000	1397624208	10049	76843	1695	0	325	
5.000000	streamcluster	1	307	33.000000	5.056000	0.444000	1387810731	9427	76912	1733	0	336	
5.000000	streamcluster	1	307	33.000000	5.056000	0.445000	1401033736	10080	76937	1691	0	326	
4.000000	streamcluster	1	403	32.000000	5.056000	0.485000	1410713820	10720	77757	1366	0	323	
4.000000	streamcluster	1	403	33.000000	5.056000	0.525000	1415847580	10733	77198	1380	0	325	
4.000000	streamcluster	1	403	33.000000	5.056000	0.525000	1401031490	10083	76859	1288	0	324	
3.000000	streamcluster	1	518	33.000000	5.048000	0.606000	1404461218	9443	76895	1075	0	330	
5.000000	streamcluster	1	518	33.000000	5.048000	0.606000	1404673120	9753	77190	1044	0	331	
4.000000	streamcluster	1	518	33.000000	5.056000	0.606000	1408965413	9747	77199	1032	0	329	
4.000000	streamcluster	1	614	33.000000	5.056000	0.647000	1418403125	9709	76905	953	0	326	
5.000000	streamcluster	1	614	33.000000	5.056000	0.647000	1430887386	10392	77167	960	0	324	
3.000000	streamcluster	1	614	33.000000	5.056000	0.647000	1427870930	10098	77487	957	0	324	
4.000000	streamcluster	1	710	33.000000	5.048000	0.767000	1432335455	10094	77118	736	0	328	
3.000000	streamcluster	1	710	33.000000	5.048000	0.726000	1426238268	10061	76566	734	0	329	
3.000000	streamcluster	1	710	34.000000	5.048000	0.726000	1424792882	9410	76951	872	0	330	
4.000000	streamcluster	1	921	33.000000	5.048000	0.848000	1467261824	10097	77215	577	0	323	
3.000000	streamcluster	1	921	33.000000	5.048000	0.888000	1476075739	10701	77181	637	0	327	
4.000000	streamcluster	1	921	33.000000	5.048000	0.887000	1456806231	9775	76855	616	0	322	
3.000000	streamcluster	1	1036	33.000000	5.048000	0.888000	1478712672	9752	77212	588	0	332	
3.000000	streamcluster	1	1036	33.000000	5.048000	0.928000	1470731438	9719	76885	502	0	323	
3.000000	streamcluster	1	1036	33.000000	5.048000	0.928000	1473873402	9712	77184	525	0	325	
3.000000	streamcluster	1	1132	33.000000	5.048000	0.928000	1496462914	10431	77545	549	0	326	
3.000000	streamcluster	1	1132	33.000000	5.048000	0.928000	1485942664	9749	77792	479	0	324	
3.000000	streamcluster	1	1132	33.000000	5.048000	0.928000	1478666003	10062	76886	548	0	325	
3.000000	streamcluster	1	1224	34.000000	5.048000	1.009000	1483733460	9388	76602	564	0	326	
2.000000	streamcluster	1	1224	33.000000	5.048000	1.048000	1500635631	9751	77221	495	0	321	
2.000000	streamcluster	1	1224	34.000000	5.048000	1.090000	1502304924	9768	77833	548	0	325	
3.000000	streamcluster	1	1428	34.000000	5.040000	1.290000	1523890436	9701	77471	416	0	326	
2.000000	streamcluster	1	1428	34.000000	5.040000	1.290000	1523803033	9736	77554	480	0	326	
3.000000	streamcluster	1	1428	34.000000	5.040000	1.169000	1510135039	9396	76906	363	0	321	
2.000000	streamcluster	1	1479	34.000000	5.040000	1.370000	1532546047	9758	77170	473	0	329	
3.000000	streamcluster	1	1479	35.000000	5.040000	1.370000	1532079402	9736	77249	414	0	337	
2.000000	streamcluster	1	1479	34.000000	5.040000	1.411000	1522954597	9413	76877	469	0	327	
20.000000	vips	1	102	32.000000	5.072000	0.243000	1603850807	10178	78441	4547	0	344	
16.000000	vips	1	102	33.000000	5.072000	0.243000	1605048300	9833	78803	5085	0	332	
14.000000	vips	1	102	32.000000	5.072000	0.243000	1605833955	10231	78481	5187	0	333	
7.000000	vips	1	204	33.000000	5.072000	0.324000	1560783387	9518	78770	2681	0	343	
8.000000	vips	1	204	33.000000	5.072000	0.324000	1565480069	10127	78717	2667	0	326	
7.000000	vips	1	204	32.000000	5.072000	0.324000	1565361858	9853	78497	2679	0	339	
6.000000	vips	1	307	32.000000	5.072000	0.365000	1555448972	9849	78504	1847	0	323	
6.000000	vips	1	307	32.000000	5.072000	0.365000	1551990075	9530	78224	1987	0	325	
5.000000	vips	1	307	32.000000	5.064000	0.364000	1560864475	9795	78777	1944	0	329	
4.000000	vips	1	403	33.000000	5.072000	0.405000	1567585340	9847	78794	1475	0	329	
5.000000	vips	1	403	32.000000	5.072000	0.446000	1564383335	9852	78754	1496	0	331	
5.000000	vips	1	403	32.000000	5.072000	0.405000	1567510545	10523	78163	1481	0	327	
4.000000	vips	1	518	33.000000	5.072000	0.486000	1579377941	10215	78752	1245	0	329	
3.000000	vips	1	518	32.000000	5.072000	0.486000	1564607893	9843	78396	1077	0	327	
5.000000	vips	1	518	33.000000	5.064000	0.445000	1573080199	9807	78489	1165	0	333	
4.000000	vips	1	614	33.000000	5.064000	0.526000	1590769241	10518	78735	1003	0	330	
3.000000	vips	1	614	33.000000	5.064000	0.526000	1585745222	9821	78745	1023	0	330	
4.000000	vips	1	614	33.000000	5.072000	0.486000	1588944822	10208	78469	954	0	328	
3.000000	vips	1	710	33.000000	5.064000	0.567000	1590510200	9853	78129	1023	0	327	
3.000000	vips	1	710	33.000000	5.064000	0.526000	1589150205	9500	78522	874	0	328	
3.000000	vips	1	710	33.000000	5.064000	0.567000	1605625505	10845	78724	913	0	327	
3.000000	vips	1	921	33.000000	5.064000	0.648000	1624679836	9867	78478	834	0	336	
3.000000	vips	1	921	33.000000	5.064000	0.648000	1633451411	9828	79071	826	0	331	
3.000000	vips	1	921	33.000000	5.064000	0.648000	1637959803	10200	79162	816	0	328	
3.000000	vips	1	1036	34.000000	5.064000	0.729000	1654212316	10197	79417	635	0	325	
3.000000	vips	1	1036	33.000000	5.064000	0.729000	1648073792	9823	79430	635	0	329	
3.000000	vips	1	1036	33.000000	5.064000	0.729000	1641390376	9839	78523	692	0	328	
3.000000	vips	1	1132	34.000000	5.064000	0.728000	1642617452	10179	78142	529	0	327	
3.000000	vips	1	1132	33.000000	5.064000	0.729000	1647182774	9825	78489	702	0	330	
3.000000	vips	1	1132	33.000000	5.056000	0.768000	1639190370	9530	78779	710	0	325	
2.000000	vips	1	1224	33.000000	5.064000	0.849000	1666182149	10137	78442	516	0	327	
3.000000	vips	1	1224	33.000000	5.056000	0.849000	1665683085	9862	78502	709	0	328	
3.000000	vips	1	1224	34.000000	5.056000	0.849000	1668241173	10167	78434	522	0	330	
3.000000	vips	1	1428	34.000000	5.048000	1.090000	1687553232	9842	78487	508	0	329	
3.000000	vips	1	1428	34.000000	5.048000	1.130000	1686323505	9912	78480	491	0	327	
3.000000	vips	1	1428	34.000000	5.048000	1.130000	1679856065	9499	78133	592	0	324	
3.000000	vips	1	1479	34.000000	5.048000	1.251000	1704551050	9845	78450	504	0	324	
3.000000	vips	1	1479	34.000000	5.048000	1.211000	1699237623	9864	78828	458	0	330	
3.000000	vips	1	1479	33.000000	5.048000	1.171000	1704148493	10185	78824	419	0	326	
14.000000	x264	1	102	33.000000	5.072000	0.243000	1449914955	10143	77807	4816	0	327	
14.000000	x264	1	102	32.000000	5.072000	0.243000	1443140408	10108	77836	4128	0	346	
14.000000	x264	1	102	32.000000	5.072000	0.243000	1446199491	10099	77508	4641	0	347	
7.000000	x264	1	204	33.000000	5.072000	0.324000	1415260161	10100	77793	2509	0	331	
7.000000	x264	1	204	33.000000	5.072000	0.324000	1403881077	9469	77835	2360	0	329	
7.000000	x264	1	204	33.000000	5.072000	0.324000	1412253537	10181	77802	2443	0	335	
6.000000	x264	1	307	32.000000	5.072000	0.365000	1409091312	10120	78118	1584	0	327	
5.000000	x264	1	307	33.000000	5.072000	0.365000	1416148675	10149	78363	1672	0	329	
5.000000	x264	1	307	33.000000	5.072000	0.365000	1430288481	11162	78376	1764	0	324	
4.000000	x264	1	403	33.000000	5.064000	0.405000	1426594164	10469	78787	1418	0	324	
5.000000	x264	1	403	33.000000	5.064000	0.405000	1409555416	9794	77832	1278	0	328	
5.000000	x264	1	403	33.000000	5.064000	0.405000	1428178958	10819	77787	1416	0	327	
4.000000	x264	1	518	33.000000	5.072000	0.446000	1421811151	9826	78125	1029	0	329	
4.000000	x264	1	518	32.000000	5.064000	0.445000	1415470200	9423	78453	1049	0	327	
3.000000	x264	1	518	32.000000	5.072000	0.446000	1422511254	9836	77821	1061	0	330	
4.000000	x264	1	614	32.000000	5.072000	0.486000	1433955241	10142	77814	933	0	333	
4.000000	x264	1	614	33.000000	5.072000	0.486000	1424420772	9488	77549	941	0	331	
3.000000	x264	1	614	33.000000	5.072000	0.446000	1440139211	10166	78394	954	0	330	
4.000000	x264	1	710	33.000000	5.072000	0.486000	1451051128	10167	78138	867	0	331	
4.000000	x264	1	710	33.000000	5.072000	0.486000	1442872540	10097	77476	844	0	329	
3.000000	x264	1	710	33.000000	5.064000	0.486000	1447057122	9459	78400	822	0	328	
3.000000	x264	1	921	33.000000	5.064000	0.567000	1475044145	9823	78497	564	0	329	
3.000000	x264	1	921	33.000000	5.064000	0.567000	1473605780	10121	77525	540	0	329	
3.000000	x264	1	921	33.000000	5.064000	0.567000	1469449375	9814	77522	654	0	327	
3.000000	x264	1	1036	33.000000	5.064000	0.607000	1491488470	9793	78162	497	0	325	
3.000000	x264	1	1036	33.000000	5.064000	0.648000	1494215676	9781	78496	555	0	327	
2.000000	x264	1	1036	33.000000	5.064000	0.607000	1486861402	9817	77774	482	0	328	
3.000000	x264	1	1132	33.000000	5.056000	0.687000	1505633212	10508	77780	610	0	328	
3.000000	x264	1	1132	33.000000	5.064000	0.648000	1495244915	9794	78383	576	0	323	
3.000000	x264	1	1132	33.000000	5.064000	0.648000	1509199842	10796	77773	575	0	326	
2.000000	x264	1	1224	33.000000	5.064000	0.729000	1503209803	9818	77491	460	0	330	
3.000000	x264	1	1224	33.000000	5.064000	0.729000	1497216297	9443	77544	491	0	329	
3.000000	x264	1	1224	33.000000	5.064000	0.729000	1504046296	9438	77835	474	0	327	
3.000000	x264	1	1428	33.000000	5.056000	0.930000	1539862247	9865	78152	473	0	329	
3.000000	x264	1	1428	34.000000	5.056000	0.970000	1539803607	9786	78161	501	0	329	
2.000000	x264	1	1428	33.000000	5.056000	0.930000	1542471995	10133	78432	363	0	329	
3.000000	x264	1	1479	33.000000	5.056000	0.970000	1530768869	9498	77498	405	0	328	
3.000000	x264	1	1479	33.000000	5.056000	0.970000	1550812511	10137	77791	411	0	329	
3.000000	x264	1	1479	34.000000	5.032000	1.650000	1541737308	9829	77818	405	0	322	
