Run Duration (ms)	Benchmark	Run(#)	CPU Frequency (MHz)	CPU Temperature(C)	Voltage[V]	Power[W]	CPU_CYCLES	ST_SPEC	LDST_SPEC	DP_SPEC	ASE_SPEC	VFP_SPEC
13.500000	blackscholes	1	102	34.000000	5.072000	0.243000	1457564292	151510824	457432251	658913572	2090209	51479	
21.000000	blackscholes	1	102	34.000000	5.064000	0.243000	1453006672	150794035	454722855	654798848	2071534	52068	
17.750000	blackscholes	1	102	34.000000	5.072000	0.243000	1437075694	149295139	450763295	649014522	2079842	51579	
11.000000	blackscholes	1	204	34.000000	5.056000	0.364000	1398428533	146030211	440453703	633804743	2074025	51498	
7.500000	blackscholes	1	204	34.000000	5.056000	0.404000	1410173144	147665903	445349353	641641738	2077334	51533	
7.500000	blackscholes	1	204	34.000000	5.056000	0.364000	1417937517	148026714	446783988	644425997	2089095	51541	
5.000000	blackscholes	1	307	34.000000	5.056000	0.444000	1403430095	146099434	440356495	634243622	2070400	51403	
5.250000	blackscholes	1	307	34.000000	5.056000	0.444000	1400431902	145631114	438908428	631900095	2091375	51919	
5.000000	blackscholes	1	307	34.000000	5.056000	0.444000	1407112033	146526741	441732676	636304274	2080069	51616	
4.750000	blackscholes	1	403	34.000000	5.056000	0.525000	1418416594	146936886	443454458	639264426	2080870	53518	
4.250000	blackscholes	1	403	34.000000	5.056000	0.525000	1416818550	146389723	441194536	635569458	2098031	51420	
4.250000	blackscholes	1	403	34.000000	5.056000	0.525000	1413030710	145881930	439483342	633480969	2090422	51386	
4.000000	blackscholes	1	518	34.000000	5.056000	0.606000	1419595853	145271451	438056993	631314977	2068784	51455	
3.750000	blackscholes	1	518	34.000000	5.056000	0.605000	1418745150	145475086	438390558	631634241	2067067	51506	
3.750000	blackscholes	1	518	34.000000	5.048000	0.605000	1413957376	144858587	436502081	628267524	2072961	51427	
3.500000	blackscholes	1	614	35.000000	5.048000	0.686000	1435619088	145407480	438403822	631783976	2074268	51580	
3.500000	blackscholes	1	614	34.000000	5.048000	0.646000	1426967476	144914092	436806678	628724598	2078346	51439	
3.500000	blackscholes	1	614	34.000000	5.048000	0.646000	1426962300	144712589	436210012	627870883	2087317	51535	
3.250000	blackscholes	1	710	35.000000	5.048000	0.767000	1430691056	143835555	433303404	623574477	2063891	51549	
4.000000	blackscholes	1	710	34.000000	5.048000	0.726000	1449126301	145423211	438133046	631182883	2094990	51538	
3.250000	blackscholes	1	710	34.000000	5.048000	0.687000	1444555201	145210764	437530763	630115030	2174107	51586	
3.000000	blackscholes	1	921	34.000000	5.048000	0.848000	1463589133	144080026	434278483	625346271	2187008	51672	
3.000000	blackscholes	1	921	35.000000	5.048000	0.888000	1465849911	144298258	434723598	625928817	2098311	53580	
3.000000	blackscholes	1	921	35.000000	5.040000	0.927000	1473631331	144894765	436842039	629507151	2172047	51569	
2.750000	blackscholes	1	1036	35.000000	5.048000	0.967000	1494471797	145490770	438127186	630993777	2069219	51370	
3.500000	blackscholes	1	1036	35.000000	5.040000	0.927000	1475571443	143594937	432667348	622502937	2112950	51410	
2.750000	blackscholes	1	1036	35.000000	5.048000	0.969000	1490222655	145248850	437847845	631224156	2082900	51581	
3.250000	blackscholes	1	1132	35.000000	5.048000	0.969000	1479283695	143522705	432332816	622149985	2103301	51603	
2.750000	blackscholes	1	1132	35.000000	5.048000	0.969000	1485522913	144028917	434038508	624592373	2088082	51416	
2.750000	blackscholes	1	1132	35.000000	5.048000	0.928000	1503456186	145356528	438318443	631867854	2088276	51556	
2.500000	blackscholes	1	1224	35.000000	5.040000	1.048000	1501424069	143848167	433428271	624173390	2178418	51492	
3.500000	blackscholes	1	1224	35.000000	5.040000	1.088000	1494267084	143396574	431798760	621599523	2064752	51524	
3.000000	blackscholes	1	1224	35.000000	5.040000	1.128000	1505220725	144731507	435799159	627513145	2162173	51398	
2.500000	blackscholes	1	1428	36.000000	5.040000	1.330000	1540812558	145254187	437856897	631013165	2083041	51454	
2.750000	blackscholes	1	1428	35.000000	5.040000	1.370000	1534703091	144561722	435653484	627946549	2083892	53531	
2.500000	blackscholes	1	1428	35.000000	5.040000	1.370000	1529070503	143977424	434161301	625010768	2092066	51414	
2.750000	blackscholes	1	1479	36.000000	5.032000	1.449000	1533362762	143732272	432776111	623149510	2089473	51480	
2.500000	blackscholes	1	1479	36.000000	5.032000	1.449000	1541259297	144230954	434527473	626043239	2070027	51435	
2.750000	blackscholes	1	1479	36.000000	5.032000	1.449000	1541842783	144034728	434191556	625331131	2187810	51397	
14.750000	bodytrack	1	102	34.000000	5.072000	0.243000	1684679493	165735285	545270622	787341563	4552716	81918118	
20.000000	bodytrack	1	102	34.000000	5.072000	0.243000	1676235959	164420570	540835155	780315411	4563549	81916968	
18.500000	bodytrack	1	102	34.000000	5.072000	0.243000	1687223697	165697607	545050473	787189454	4562264	81917577	
6.750000	bodytrack	1	204	34.000000	5.072000	0.324000	1639996867	161542855	532619014	768946233	4542074	81909898	
7.750000	bodytrack	1	204	34.000000	5.064000	0.324000	1641829723	161932280	533224989	769976128	4539870	81910292	
7.000000	bodytrack	1	204	34.000000	5.072000	0.324000	1638569302	161663744	532450100	768367014	4555354	81911944	
5.750000	bodytrack	1	307	34.000000	5.064000	0.364000	1641242002	161201924	531318758	767359626	4545023	81908146	
5.250000	bodytrack	1	307	34.000000	5.072000	0.364000	1635920210	160386115	528507762	763409136	4517723	81906103	
5.250000	bodytrack	1	307	34.000000	5.072000	0.364000	1640856356	161022528	530690963	766687628	4563236	81910042	
4.500000	bodytrack	1	403	34.000000	5.064000	0.405000	1655218969	161329343	531576211	768091765	4556518	81905489	
4.500000	bodytrack	1	403	34.000000	5.072000	0.405000	1658023387	162309704	534260027	772644845	4556752	81907547	
4.500000	bodytrack	1	403	34.000000	5.064000	0.445000	1640343487	159835739	526917907	760929394	4554381	81909959	
4.000000	bodytrack	1	518	34.000000	5.064000	0.445000	1645969932	159337597	525004433	757768960	4630884	81905977	
4.000000	bodytrack	1	518	34.000000	5.064000	0.486000	1661666140	160472053	528846710	763906615	4640984	81907529	
5.250000	bodytrack	1	518	34.000000	5.064000	0.486000	1660126317	160256763	528325568	763178823	4554529	81905033	
3.250000	bodytrack	1	614	34.000000	5.064000	0.526000	1664895801	159420302	525263439	758360204	4531599	81906425	
3.250000	bodytrack	1	614	34.000000	5.064000	0.526000	1687209686	161679624	532541807	769907331	4536290	81905455	
3.750000	bodytrack	1	614	35.000000	5.064000	0.526000	1679359754	160592003	529208432	764761110	4534006	81904000	
3.000000	bodytrack	1	710	34.000000	5.064000	0.567000	1689206182	160330653	528376844	763195403	4549885	81905418	
3.250000	bodytrack	1	710	34.000000	5.064000	0.567000	1681570273	159943109	526596840	760509791	4537935	81907211	
3.250000	bodytrack	1	710	34.000000	5.064000	0.567000	1695337164	160671438	529632062	766070531	4568046	81906089	
3.000000	bodytrack	1	921	35.000000	5.056000	0.728000	1706332127	158973746	523760287	756198610	4555558	81903620	
3.000000	bodytrack	1	921	35.000000	5.056000	0.728000	1707421599	158937745	523499453	755682280	4534073	81904497	
2.750000	bodytrack	1	921	34.000000	5.056000	0.728000	1712151908	159409888	525158884	758355156	4553280	81906006	
3.250000	bodytrack	1	1036	35.000000	5.048000	0.848000	1731135314	159092286	523700428	756854971	4545914	81903533	
3.000000	bodytrack	1	1036	34.000000	5.056000	0.808000	1728564523	159301022	524470402	757993840	4564186	81906179	
3.000000	bodytrack	1	1036	35.000000	5.048000	0.848000	1718985479	158362303	522062502	753695150	4550412	81905244	
3.250000	bodytrack	1	1132	35.000000	5.048000	0.888000	1740347149	159751024	526229665	760317420	4528768	81905993	
2.750000	bodytrack	1	1132	34.000000	5.056000	0.848000	1735656278	159015159	524352038	757357030	4531011	81901306	
2.750000	bodytrack	1	1132	34.000000	5.048000	0.848000	1747563161	160334936	527789480	763269440	4536754	81904555	
3.500000	bodytrack	1	1224	35.000000	5.048000	0.969000	1759582116	159656230	525783885	760316586	4529521	81903857	
2.750000	bodytrack	1	1224	35.000000	5.048000	0.969000	1753269865	158848092	523879208	756762651	4557351	81901127	
2.750000	bodytrack	1	1224	35.000000	5.048000	0.969000	1748434687	158826843	523303998	755873039	4530374	81906625	
2.750000	bodytrack	1	1428	35.000000	5.040000	1.169000	1774031011	157912186	520119890	750498968	4559843	81903185	
2.750000	bodytrack	1	1428	36.000000	5.040000	1.249000	1779484633	158648550	522934291	755062782	4532386	81906557	
2.500000	bodytrack	1	1428	36.000000	5.040000	1.209000	1779560401	158843579	523993419	756781275	4552106	81908017	
2.250000	bodytrack	1	1479	35.000000	5.040000	1.290000	1812013776	160742296	529633041	765706587	4639420	81904481	
2.500000	bodytrack	1	1479	36.000000	5.040000	1.290000	1786976611	158782606	523370469	755869877	4563010	81903055	
2.750000	bodytrack	1	1479	35.000000	5.040000	1.290000	1796753190	159188049	524341652	757224115	4547426	81903820	
41.750000	dedup	1	102	34.000000	5.072000	0.243000	1462103403	152116911	457937663	659150328	1982174	2222	
28.000000	dedup	1	102	34.000000	5.072000	0.243000	1466009006	152498448	459061441	660697093	1970707	2213	
18.000000	dedup	1	102	34.000000	5.072000	0.243000	1450998748	151255557	454720296	653467024	2087594	2234	
7.250000	dedup	1	204	34.000000	5.064000	0.364000	1424872463	149534022	450227241	648463218	1974260	2244	
6.750000	dedup	1	204	34.000000	5.064000	0.364000	1433499479	150212527	452515959	652635731	2016595	2221	
9.750000	dedup	1	204	34.000000	5.064000	0.364000	1431760690	149872449	451848327	651057666	1991214	2237	
5.500000	dedup	1	307	34.000000	5.056000	0.444000	1416380978	147995076	445161294	640866791	1990347	2214	
5.250000	dedup	1	307	34.000000	5.064000	0.445000	1413123266	147458432	443219476	637416812	1975775	2225	
5.250000	dedup	1	307	34.000000	5.064000	0.444000	1410056563	147098577	442887544	636946676	1993650	2218	
4.750000	dedup	1	403	34.000000	5.056000	0.525000	1412880516	146664695	441084838	634724358	1989624	2232	
4.750000	dedup	1	403	34.000000	5.056000	0.525000	1412069097	146114785	439738995	632310964	2005390	2214	
4.750000	dedup	1	403	34.000000	5.056000	0.525000	1417765891	146911905	442275515	636556457	2104741	2241	
5.000000	dedup	1	518	34.000000	5.056000	0.606000	1428790807	146609514	440616421	633551287	1993195	2262	
4.000000	dedup	1	518	34.000000	5.056000	0.606000	1442023537	148071764	445938199	642138720	2002728	2242	
4.250000	dedup	1	518	34.000000	5.056000	0.605000	1423256903	146191554	439729579	632200669	2016324	2234	
3.500000	dedup	1	614	34.000000	5.048000	0.686000	1430781222	145511570	437663539	629222126	2010806	2250	
3.500000	dedup	1	614	34.000000	5.048000	0.646000	1445808537	146854111	442358523	637128885	1984891	2225	
3.750000	dedup	1	614	34.000000	5.048000	0.686000	1445213381	147207643	442720753	637291583	2011898	2224	
3.250000	dedup	1	710	34.000000	5.048000	0.767000	1444544058	145710879	438619549	630360003	2004615	2230	
3.000000	dedup	1	710	34.000000	5.048000	0.686000	1458841165	146577888	441112777	634342897	1994708	2235	
3.500000	dedup	1	710	34.000000	5.048000	0.726000	1454795003	146287122	440129889	632932075	1996056	2244	
3.250000	dedup	1	921	34.000000	5.048000	0.848000	1482865385	146179323	439517868	631789893	2100057	2248	
3.000000	dedup	1	921	35.000000	5.040000	0.887000	1489569936	146491021	440967438	634464153	1988807	2247	
3.000000	dedup	1	921	34.000000	5.048000	0.848000	1508718067	148393064	446366104	643056882	2003770	2217	
3.000000	dedup	1	1036	34.000000	5.040000	0.967000	1504198119	146265154	440188846	633642787	2111945	2240	
2.750000	dedup	1	1036	34.000000	5.040000	0.967000	1501332959	146353405	439820916	632464349	1984039	2223	
2.750000	dedup	1	1036	34.000000	5.040000	0.927000	1504244495	146084546	439741521	632693798	2006383	2243	
2.750000	dedup	1	1132	34.000000	5.040000	0.967000	1507587515	146169607	439568534	632221281	2105228	2225	
3.250000	dedup	1	1132	34.000000	5.040000	1.008000	1504891287	145661777	438748885	631110578	2006387	2226	
2.750000	dedup	1	1132	34.000000	5.040000	0.967000	1504525629	146360040	440593961	633531259	1993402	2214	
3.250000	dedup	1	1224	35.000000	5.040000	1.128000	1536738366	147336648	443039503	638304361	1979265	2214	
3.750000	dedup	1	1224	35.000000	5.032000	1.127000	1528179910	146781950	441940330	635980332	1991431	2218	
3.250000	dedup	1	1224	35.000000	5.040000	1.088000	1525349187	146267387	440244124	633123024	2000950	2237	
3.000000	dedup	1	1428	35.000000	5.032000	1.408000	1568105924	147541899	443608673	638924809	2017837	2218	
2.750000	dedup	1	1428	35.000000	5.032000	1.449000	1541911380	145437899	437731335	629060645	1997149	2235	
2.750000	dedup	1	1428	35.000000	5.032000	1.408000	1557223535	146361743	439980974	632985055	1995102	2229	
2.500000	dedup	1	1479	35.000000	5.032000	1.489000	1552530810	145837292	438489065	630328076	1979858	2233	
2.500000	dedup	1	1479	35.000000	5.032000	1.489000	1563755932	146337698	439802408	632698591	1981822	2212	
2.500000	dedup	1	1479	35.000000	5.032000	1.449000	1560480444	145968476	439032715	631481345	1979981	2241	
24.500000	ferret	1	102	34.000000	5.072000	0.243000	1490832544	154323767	467423353	674707339	2294176	5331132	
14.500000	ferret	1	102	34.000000	5.072000	0.243000	1475446572	153079954	463547449	667833680	2278079	5285410	
20.000000	ferret	1	102	33.000000	5.072000	0.243000	1470885876	152718906	462280473	666324518	2388525	5303872	
6.750000	ferret	1	204	33.000000	5.072000	0.324000	1435087937	149892132	453513862	653739555	2270656	5294931	
7.750000	ferret	1	204	33.000000	5.072000	0.324000	1435214756	149404874	451970516	651342644	2377696	5292793	
7.500000	ferret	1	204	33.000000	5.072000	0.324000	1448997373	150326966	455300219	656807112	2277772	5340191	
5.000000	ferret	1	307	33.000000	5.072000	0.365000	1426843432	148366852	448878029	646743467	2376905	5293732	
5.250000	ferret	1	307	34.000000	5.072000	0.405000	1428912659	148230925	448084327	645700809	2270117	5306965	
5.500000	ferret	1	307	33.000000	5.072000	0.365000	1427936191	148260528	448516880	646222781	2383381	5306480	
4.500000	ferret	1	403	34.000000	5.072000	0.405000	1433855150	147303314	445684424	642026345	2278007	5291090	
4.750000	ferret	1	403	33.000000	5.072000	0.405000	1447409687	149110982	451527294	650801398	2277954	5308293	
4.750000	ferret	1	403	33.000000	5.072000	0.405000	1439042698	148286156	448420339	646114474	2311697	5283763	
3.750000	ferret	1	518	33.000000	5.072000	0.446000	1450020359	147752193	446825128	643681261	2293141	5283966	
3.750000	ferret	1	518	33.000000	5.072000	0.446000	1456998416	148588426	449266740	647394912	2272309	5287146	
3.500000	ferret	1	518	33.000000	5.072000	0.446000	1443799824	147067343	444955917	640777463	2367654	5321809	
3.500000	ferret	1	614	34.000000	5.072000	0.486000	1464158713	147559393	446506587	643474326	2286020	5302568	
3.750000	ferret	1	614	33.000000	5.072000	0.446000	1467440380	148409441	448939469	646800770	2276471	5284882	
3.500000	ferret	1	614	33.000000	5.072000	0.486000	1464170693	147689714	446445865	643191174	2282562	5291546	
3.250000	ferret	1	710	33.000000	5.072000	0.486000	1474518120	147401391	445853985	642464650	2280069	5308487	
3.250000	ferret	1	710	33.000000	5.072000	0.486000	1473730494	147402647	445896458	642252336	2288755	5298097	
3.250000	ferret	1	710	33.000000	5.072000	0.486000	1482193874	148431217	449097663	647319622	2269909	5293979	
2.750000	ferret	1	921	33.000000	5.064000	0.567000	1502424630	147189170	444858274	640973545	2285516	5279256	
3.250000	ferret	1	921	33.000000	5.064000	0.567000	1501789357	147184587	445264063	641250591	2274569	5286327	
3.000000	ferret	1	921	34.000000	5.064000	0.567000	1508416187	147466425	446253332	643039643	2273419	5329937	
3.250000	ferret	1	1036	34.000000	5.064000	0.648000	1517960384	146848427	443884243	639270920	2267124	5278045	
2.750000	ferret	1	1036	34.000000	5.064000	0.648000	1522182757	147370228	445600179	642013239	2297452	5277317	
2.750000	ferret	1	1036	34.000000	5.064000	0.607000	1515176504	146736156	443599892	639008732	2370263	5295034	
2.750000	ferret	1	1132	34.000000	5.072000	0.608000	1523281722	146454152	443051780	638141834	2266741	5266219	
3.250000	ferret	1	1132	34.000000	5.064000	0.648000	1526576969	147241256	444903309	641463704	2271998	5281051	
2.750000	ferret	1	1132	34.000000	5.064000	0.648000	1519416858	146594804	442617030	638121890	2271452	5308626	
3.000000	ferret	1	1224	34.000000	5.064000	0.729000	1533368044	146917418	443280038	639040792	2295443	5277279	
2.750000	ferret	1	1224	34.000000	5.064000	0.729000	1530406482	146529038	442019344	637081960	2278128	5283736	
2.750000	ferret	1	1224	34.000000	5.064000	0.729000	1536076513	146765106	443330636	639191816	2278587	5280152	
3.500000	ferret	1	1428	34.000000	5.056000	0.930000	1562885291	146361988	441908910	636921920	2270520	5320081	
3.000000	ferret	1	1428	35.000000	5.056000	0.930000	1564769615	146749040	443342332	639244738	2269044	5283593	
2.750000	ferret	1	1428	34.000000	5.056000	0.930000	1556861617	146154565	440920737	635388443	2264033	5298463	
2.750000	ferret	1	1479	36.000000	5.056000	0.970000	1574034857	146889739	443589356	639598498	2396222	5279784	
3.000000	ferret	1	1479	34.000000	5.056000	0.970000	1564637843	145640781	439923760	633630379	2288141	5273089	
2.750000	ferret	1	1479	35.000000	5.048000	1.049000	1558979016	145387934	438862512	632194887	2261557	5326596	
25.250000	fluidanimate	1	102	33.000000	5.072000	0.243000	1488699438	154585893	472353044	677251289	2406956	9530440	
14.000000	fluidanimate	1	102	33.000000	5.072000	0.243000	1495925318	154774263	473056084	678556948	2432133	9527894	
22.500000	fluidanimate	1	102	33.000000	5.072000	0.243000	1481125236	153814209	470089167	674152954	2421115	9523937	
8.250000	fluidanimate	1	204	33.000000	5.064000	0.364000	1457454834	151890171	464447608	666803294	2439695	9517661	
7.750000	fluidanimate	1	204	33.000000	5.064000	0.364000	1453097260	151931077	464816519	667488058	2432880	9523672	
8.250000	fluidanimate	1	204	34.000000	5.064000	0.364000	1448592279	151193611	462065500	663259208	2430635	9522770	
5.000000	fluidanimate	1	307	33.000000	5.064000	0.445000	1451597137	150715974	460747556	661285390	2429337	9522551	
5.250000	fluidanimate	1	307	33.000000	5.064000	0.445000	1444600414	150215108	458935574	658401026	2413061	9520390	
6.000000	fluidanimate	1	307	33.000000	5.064000	0.444000	1440170456	149756081	457943740	656337208	2425608	9524484	
4.250000	fluidanimate	1	403	34.000000	5.056000	0.525000	1460639212	151027552	461932091	663717923	2450145	9526474	
4.250000	fluidanimate	1	403	33.000000	5.056000	0.485000	1456682593	150311998	458983289	658712294	2433149	9520158	
4.500000	fluidanimate	1	403	33.000000	5.056000	0.525000	1452534053	149830354	458017748	657337268	2416813	9524164	
3.750000	fluidanimate	1	518	33.000000	5.056000	0.566000	1463859357	149551543	456749601	655422050	2417772	9522428	
3.750000	fluidanimate	1	518	34.000000	5.048000	0.606000	1458827027	149713190	457461219	656206249	2428241	9522984	
3.750000	fluidanimate	1	518	34.000000	5.056000	0.566000	1477658056	150934005	461542657	662914354	2434417	9516600	
3.500000	fluidanimate	1	614	34.000000	5.056000	0.647000	1474328138	149340260	456462737	655215740	2461151	9519904	
3.250000	fluidanimate	1	614	34.000000	5.048000	0.646000	1466039996	148627774	453938604	651129519	2422328	9522166	
3.250000	fluidanimate	1	614	34.000000	5.048000	0.646000	1476107372	149393930	456213681	654579962	2417425	9513414	
3.250000	fluidanimate	1	710	34.000000	5.048000	0.686000	1483300025	149230619	455477865	653418783	2415601	9519761	
3.250000	fluidanimate	1	710	34.000000	5.048000	0.686000	1503083931	150827051	460852666	662113139	2514658	9522442	
3.500000	fluidanimate	1	710	34.000000	5.048000	0.686000	1501954412	150632242	459914494	660796941	2527419	9518605	
2.500000	fluidanimate	1	921	34.000000	5.048000	0.807000	1529857913	150406825	459205035	659067423	2420622	9519403	
3.000000	fluidanimate	1	921	34.000000	5.048000	0.807000	1524929629	149630821	457345793	656862517	2436152	9527816	
3.500000	fluidanimate	1	921	34.000000	5.048000	0.848000	1511984699	148636606	453941169	651224523	2414631	9523015	
2.500000	fluidanimate	1	1036	34.000000	5.040000	0.927000	1530780503	148188288	452505721	648647194	2467922	9522853	
3.000000	fluidanimate	1	1036	34.000000	5.040000	0.967000	1526745639	147971803	452033898	648101031	2436789	9517140	
3.000000	fluidanimate	1	1036	34.000000	5.040000	0.967000	1529927500	148668551	454030628	650829873	2453255	9520568	
3.000000	fluidanimate	1	1132	34.000000	5.040000	1.008000	1553694269	150365317	459318980	659299572	2463645	9527159	
3.000000	fluidanimate	1	1132	34.000000	5.040000	1.008000	1543174006	149477282	456322325	654775921	2444170	9518911	
3.000000	fluidanimate	1	1132	34.000000	5.040000	0.967000	1537818810	148345835	453306831	650080918	2445395	9522123	
3.000000	fluidanimate	1	1224	34.000000	5.040000	1.128000	1555303527	148710711	454152462	651581301	2413784	9517342	
2.500000	fluidanimate	1	1224	34.000000	5.040000	1.088000	1553829892	148522650	453878469	651470585	2522822	9517739	
2.500000	fluidanimate	1	1224	34.000000	5.040000	1.008000	1554482942	148882103	454883448	652512203	2435997	9523115	
3.000000	fluidanimate	1	1428	35.000000	5.024000	1.527000	1583699559	148736645	453722334	650498885	2421801	9524905	
2.500000	fluidanimate	1	1428	35.000000	5.024000	1.406000	1584360369	148646864	454372705	651962079	2425035	9520823	
2.500000	fluidanimate	1	1428	35.000000	5.032000	1.288000	1579217924	148609765	453878444	651046881	2428978	9521840	
2.500000	fluidanimate	1	1479	35.000000	5.024000	1.408000	1588527925	148538264	453643249	650803632	2518573	9525465	
2.500000	fluidanimate	1	1479	35.000000	5.024000	1.567000	1592286082	148878007	454664835	652567494	2419236	9524131	
3.000000	fluidanimate	1	1479	35.000000	5.024000	1.527000	1582179943	147731351	451039479	646123326	2439286	9518743	
14.500000	freqmine	1	102	33.000000	5.072000	0.243000	1470075344	155038667	463840795	672315321	2081332	102	
15.500000	freqmine	1	102	33.000000	5.072000	0.243000	1475319837	154940495	463250294	672029182	2076728	115	
19.000000	freqmine	1	102	33.000000	5.072000	0.243000	1477251330	154865778	463579018	672297409	2071463	124	
9.000000	freqmine	1	204	33.000000	5.064000	0.364000	1432370883	151393013	452274885	655688452	2070355	100	
9.500000	freqmine	1	204	33.000000	5.064000	0.364000	1448679458	153349276	458555923	665882761	2068791	102	
9.500000	freqmine	1	204	33.000000	5.064000	0.364000	1416556085	149942931	447979214	648724991	2099062	107	
5.000000	freqmine	1	307	33.000000	5.056000	0.525000	1431247424	150828486	450886184	654075029	2103507	119	
5.000000	freqmine	1	307	33.000000	5.056000	0.444000	1444612653	151807628	453996417	659264034	2104078	109	
6.000000	freqmine	1	307	34.000000	5.056000	0.444000	1439938039	151551040	452882225	656890838	2168319	108	
4.500000	freqmine	1	403	33.000000	5.056000	0.485000	1430752777	149969047	447907999	649789793	2090880	102	
4.500000	freqmine	1	403	33.000000	5.056000	0.485000	1423236387	148849440	444459572	644122782	2090935	95	
4.500000	freqmine	1	403	33.000000	5.056000	0.485000	1427212051	149253415	445424256	645575363	2071220	94	
3.000000	freqmine	1	518	33.000000	5.056000	0.565000	1457789866	151058337	451155953	654922101	2065983	95	
4.000000	freqmine	1	518	33.000000	5.056000	0.566000	1439787794	149327593	445536202	645677577	2079449	104	
3.500000	freqmine	1	518	34.000000	5.056000	0.566000	1444893903	149966303	447601432	649042204	2094854	92	
4.000000	freqmine	1	614	33.000000	5.056000	0.606000	1453259613	148796013	443994100	643443727	2093331	102	
4.000000	freqmine	1	614	34.000000	5.056000	0.606000	1445671719	148574145	443512913	642497199	2167813	91	
3.500000	freqmine	1	614	33.000000	5.056000	0.606000	1445257063	148528110	443358764	642228097	2085882	91	
3.500000	freqmine	1	710	33.000000	5.048000	0.686000	1479019529	150520975	449463030	651787965	2109828	104	
3.000000	freqmine	1	710	33.000000	5.048000	0.686000	1462268831	148821115	443928299	643291196	2076262	98	
4.000000	freqmine	1	710	34.000000	5.048000	0.726000	1471813208	149435912	446255967	647284826	2075054	109	
3.500000	freqmine	1	921	34.000000	5.048000	0.848000	1487570984	148200834	442504372	641107321	2071214	111	
3.000000	freqmine	1	921	34.000000	5.048000	0.848000	1495346256	149211411	445508009	646272768	2070411	98	
3.500000	freqmine	1	921	34.000000	5.040000	0.807000	1486039793	148196553	442025301	640375096	2169781	98	
3.000000	freqmine	1	1036	34.000000	5.048000	0.888000	1522350741	149957647	447651345	649605232	2067310	97	
2.500000	freqmine	1	1036	34.000000	5.048000	0.888000	1509138161	148539522	443488913	642881355	2069098	103	
3.000000	freqmine	1	1036	34.000000	5.040000	0.967000	1503851409	148367669	442952092	641987639	2178129	102	
2.500000	freqmine	1	1132	34.000000	5.040000	0.967000	1514151835	148413918	442330358	640925194	2071687	96	
3.000000	freqmine	1	1132	34.000000	5.040000	0.967000	1528294910	149631020	447357632	649143990	2087062	106	
3.000000	freqmine	1	1132	34.000000	5.040000	0.888000	1520423334	148717015	444148933	643987552	2100922	98	
3.000000	freqmine	1	1224	34.000000	5.040000	1.048000	1527759001	148394430	442672869	641484968	2070208	102	
2.500000	freqmine	1	1224	34.000000	5.032000	1.169000	1526364082	147917816	441082715	638984061	2076350	94	
3.000000	freqmine	1	1224	34.000000	5.032000	1.128000	1523482776	147706492	440900203	638766026	2088908	103	
3.000000	freqmine	1	1428	35.000000	5.032000	1.408000	1554757267	147817231	441186278	639209977	2090412	92	
2.500000	freqmine	1	1428	35.000000	5.032000	1.449000	1547015839	147195910	439092805	635828101	2083252	90	
2.500000	freqmine	1	1428	34.000000	5.040000	1.247000	1553706113	147563204	440281598	637973799	2066799	92	
2.500000	freqmine	1	1479	34.000000	5.032000	1.569000	1572966344	149020177	444890628	645572486	2080341	97	
2.500000	freqmine	1	1479	35.000000	5.032000	1.408000	1558538428	147862096	441167910	638451838	2079630	83	
2.500000	freqmine	1	1479	35.000000	5.024000	1.446000	1573090696	148434162	443090504	642356929	2172142	111	
26.000000	streamcluster	1	102	33.000000	5.072000	0.243000	1432651461	149415304	450633052	648815059	2068516	15386	
14.500000	streamcluster	1	102	33.000000	5.072000	0.243000	1424899414	148825173	448225735	644807325	2152182	16193	
19.000000	streamcluster	1	102	33.000000	5.072000	0.243000	1441396923	150379074	453612192	653298333	2072028	16436	
9.000000	streamcluster	1	204	33.000000	5.064000	0.404000	1408275262	147546060	444576629	640696110	2082962	16161	
7.500000	streamcluster	1	204	33.000000	5.064000	0.364000	1391745430	146154486	440590208	634595051	2049492	16234	
11.500000	streamcluster	1	204	33.000000	5.064000	0.364000	1390793071	145659996	438494844	630427404	2053524	16344	
6.000000	streamcluster	1	307	33.000000	5.056000	0.444000	1390155601	145336902	437322396	629433711	2061689	16423	
6.000000	streamcluster	1	307	33.000000	5.056000	0.444000	1384475848	144635744	435524713	626616234	2068356	16303	
5.500000	streamcluster	1	307	33.000000	5.056000	0.444000	1385154076	144672383	435508714	627139742	2075966	15346	
4.500000	streamcluster	1	403	33.000000	5.056000	0.525000	1392404671	144723173	435490166	626618394	2055470	15534	
5.000000	streamcluster	1	403	33.000000	5.056000	0.525000	1398716772	144920063	436204836	627852435	2050871	16354	
4.500000	streamcluster	1	403	33.000000	5.056000	0.485000	1412192756	146151357	440195095	634532541	2152871	16165	
4.000000	streamcluster	1	518	33.000000	5.056000	0.606000	1402571680	143996182	433259550	623065240	2061866	16133	
3.500000	streamcluster	1	518	33.000000	5.048000	0.566000	1399877831	143918081	433129758	623049626	2058792	16207	
4.500000	streamcluster	1	518	33.000000	5.056000	0.566000	1411826438	144883606	436778800	629014714	2063173	16146	
3.500000	streamcluster	1	614	33.000000	5.056000	0.647000	1422231820	144779950	435666459	627306704	2081462	16386	
3.500000	streamcluster	1	614	33.000000	5.056000	0.686000	1418512989	144042362	433767490	624272871	2060541	16350	
3.500000	streamcluster	1	614	33.000000	5.048000	0.686000	1419405342	144271400	434441140	625069649	2082103	16266	
3.500000	streamcluster	1	710	33.000000	5.048000	0.767000	1417597942	142951402	430203814	618840172	2154620	16251	
3.500000	streamcluster	1	710	33.000000	5.048000	0.686000	1429110228	143971025	433074534	622977885	2047372	15055	
3.500000	streamcluster	1	710	33.000000	5.048000	0.767000	1429386629	144186061	433823053	624462863	2059838	16395	
4.000000	streamcluster	1	921	34.000000	5.048000	0.848000	1464689355	144362386	434172048	624794215	2054444	16183	
3.000000	streamcluster	1	921	33.000000	5.048000	0.848000	1454540579	143143404	430841880	619621389	2076376	16347	
3.000000	streamcluster	1	921	34.000000	5.048000	0.807000	1456417427	143756632	432559608	622349361	2148401	16325	
2.500000	streamcluster	1	1036	34.000000	5.048000	0.888000	1477678700	144360347	434742684	626006361	2058118	16257	
3.000000	streamcluster	1	1036	34.000000	5.048000	0.888000	1474917865	143922098	433672180	624153618	2073728	15884	
3.000000	streamcluster	1	1036	34.000000	5.048000	0.928000	1471491224	143605079	432152124	621761035	2056070	16280	
3.000000	streamcluster	1	1132	34.000000	5.048000	0.928000	1485304973	143868494	433684816	624237964	2071652	16004	
3.000000	streamcluster	1	1132	34.000000	5.048000	0.928000	1474634129	143464104	431718127	620978518	2077441	16513	
2.500000	streamcluster	1	1132	34.000000	5.048000	0.928000	1479294113	143609237	432473849	622090113	2103055	16325	
3.000000	streamcluster	1	1224	34.000000	5.048000	1.049000	1492059235	143017070	430561227	619545120	2055570	16197	
3.000000	streamcluster	1	1224	34.000000	5.048000	1.049000	1503638328	144680122	435672307	627323979	2078589	16001	
3.500000	streamcluster	1	1224	34.000000	5.048000	1.049000	1498001778	143705877	432629979	622448299	2047359	16160	
2.500000	streamcluster	1	1428	34.000000	5.040000	1.290000	1538203439	145189341	437407015	630244753	2053604	16254	
3.000000	streamcluster	1	1428	34.000000	5.040000	1.290000	1526999307	144158560	433985287	624792502	2052126	16298	
3.000000	streamcluster	1	1428	34.000000	5.040000	1.209000	1525092353	143515597	431512401	620889422	2054408	16013	
3.000000	streamcluster	1	1479	35.000000	5.040000	1.330000	1537425720	143901160	433790913	624917757	2054322	16085	
3.000000	streamcluster	1	1479	35.000000	5.040000	1.370000	1523451352	142685028	429330623	617424647	2050696	16239	
2.500000	streamcluster	1	1479	34.000000	5.040000	1.330000	1539034399	143923264	433270087	623612850	2156640	16301	
13.500000	vips	1	102	33.000000	5.072000	0.243000	1599388232	163282429	498169027	721272440	3423653	28539801	
16.000000	vips	1	102	33.000000	5.072000	0.243000	1592058063	162567623	495638297	717182487	3414239	28536276	
17.500000	vips	1	102	33.000000	5.072000	0.243000	1604407728	163596350	498691521	722534582	3407648	28471494	
7.000000	vips	1	204	33.000000	5.072000	0.324000	1555434356	159461446	485639818	702681071	3527710	28526670	
8.000000	vips	1	204	33.000000	5.072000	0.324000	1540106495	158617545	482904073	698506635	3536656	28517344	
6.500000	vips	1	204	33.000000	5.072000	0.324000	1555195703	159150113	484573202	700877609	3405607	28523746	
5.500000	vips	1	307	33.000000	5.072000	0.365000	1559765807	159461699	485757637	703426675	3409946	28527571	
5.000000	vips	1	307	33.000000	5.072000	0.365000	1557008953	158747331	483568634	699742382	3437191	28621820	
5.500000	vips	1	307	33.000000	5.072000	0.365000	1558596942	159050563	484193355	701049041	3424869	28437019	
4.500000	vips	1	403	33.000000	5.072000	0.405000	1548017430	157456485	479400348	693552523	3413643	28517427	
4.500000	vips	1	403	33.000000	5.072000	0.446000	1567701691	158772788	483657111	700397554	3540436	28548070	
4.500000	vips	1	403	33.000000	5.072000	0.446000	1566165872	158530262	483638765	700620203	3417274	28512570	
4.500000	vips	1	518	33.000000	5.072000	0.446000	1570920567	157974873	481338283	696275245	3424558	28525803	
4.000000	vips	1	518	33.000000	5.072000	0.486000	1586910075	159108778	485073777	703142731	3435407	28517158	
4.000000	vips	1	518	33.000000	5.072000	0.446000	1572650762	157661063	480900727	696154554	3463797	28485907	
4.000000	vips	1	614	33.000000	5.064000	0.526000	1594306539	159133084	484507902	701875937	3415642	28487371	
3.500000	vips	1	614	33.000000	5.064000	0.526000	1586174352	157743918	480185352	694722624	3448522	28541242	
4.000000	vips	1	614	33.000000	5.072000	0.486000	1589548001	158239603	481671989	696838656	3405824	28525600	
3.500000	vips	1	710	33.000000	5.064000	0.567000	1601830089	157755226	480591190	695646604	3425228	28530018	
3.500000	vips	1	710	33.000000	5.064000	0.567000	1589912018	156960314	477747942	691184925	3411950	28529680	
3.000000	vips	1	710	33.000000	5.064000	0.567000	1587885947	157299009	478656353	692349499	3417219	28490302	
3.000000	vips	1	921	33.000000	5.064000	0.648000	1624706240	157409636	479310053	693962797	3411577	28473474	
3.500000	vips	1	921	34.000000	5.064000	0.648000	1621390640	157148781	478322421	692081610	3409652	28500395	
3.000000	vips	1	921	33.000000	5.064000	0.648000	1627394481	157392558	479664212	694147003	3430572	28505407	
3.000000	vips	1	1036	34.000000	5.064000	0.729000	1648392980	157495351	479762773	694822984	3436303	28512813	
3.000000	vips	1	1036	33.000000	5.064000	0.729000	1647979458	157752680	480459309	695353265	3442529	28551326	
3.000000	vips	1	1036	33.000000	5.064000	0.729000	1648333695	157562631	479922630	694690260	3534728	28504807	
3.000000	vips	1	1132	33.000000	5.056000	0.768000	1645403310	156770523	477592923	691224116	3530560	28501539	
3.000000	vips	1	1132	34.000000	5.064000	0.768000	1641842177	156494959	476491108	689397342	3439193	28497253	
2.500000	vips	1	1132	34.000000	5.064000	0.769000	1634579919	156056498	474748241	686345930	3425405	28487227	
3.000000	vips	1	1224	34.000000	5.056000	0.849000	1669598511	157903274	481269474	696997640	3413581	28523314	
3.000000	vips	1	1224	34.000000	5.056000	0.889000	1665878826	157301420	479061982	693561960	3421696	28541630	
2.500000	vips	1	1224	33.000000	5.056000	0.889000	1655448022	156472334	477072902	690579038	3424676	28516226	
3.000000	vips	1	1428	34.000000	5.048000	1.130000	1700629969	157515822	479631532	694579437	3414886	28516843	
2.500000	vips	1	1428	34.000000	5.048000	1.130000	1694241075	157355814	479004801	693596607	3414173	28439424	
3.000000	vips	1	1428	35.000000	5.048000	1.171000	1695468501	157302665	479253552	693494235	3533912	28480689	
3.000000	vips	1	1479	35.000000	5.048000	1.211000	1716130529	158624018	483722702	700459087	3425286	28521003	
3.000000	vips	1	1479	34.000000	5.048000	1.251000	1715684824	158505328	483207495	700039973	3449488	28542103	
2.500000	vips	1	1479	34.000000	5.048000	1.211000	1707988975	157363345	479452876	694194420	3415737	28509629	
19.000000	x264	1	102	33.000000	5.072000	0.243000	1433563302	149455578	450558247	648692784	2016259	1150	
17.500000	x264	1	102	33.000000	5.072000	0.243000	1446078803	150736041	454531434	655247953	2045398	1168	
16.500000	x264	1	102	33.000000	5.072000	0.243000	1432186028	149496607	450384427	648582107	2025975	1157	
7.500000	x264	1	204	33.000000	5.072000	0.324000	1409297651	147622227	444294016	639975662	2028219	1163	
6.500000	x264	1	204	33.000000	5.072000	0.324000	1424083243	149020904	449074530	647314094	2033844	1119	
6.500000	x264	1	204	33.000000	5.072000	0.324000	1419489433	148137775	446673727	644241595	2035771	1182	
5.500000	x264	1	307	33.000000	5.072000	0.365000	1392597343	145482405	437655338	629787165	2011799	1157	
5.500000	x264	1	307	33.000000	5.072000	0.365000	1413324792	146951260	442678752	638392483	2132803	1200	
5.500000	x264	1	307	33.000000	5.072000	0.365000	1398604917	145916269	439141100	632472771	2043451	1189	
4.500000	x264	1	403	33.000000	5.072000	0.405000	1420287564	146651867	441556884	636850251	2009481	1256	
4.500000	x264	1	403	33.000000	5.072000	0.405000	1419903823	146689216	442180574	637324115	2017851	1238	
4.500000	x264	1	403	33.000000	5.072000	0.405000	1420487674	146816177	441973880	637212751	2021102	1176	
4.000000	x264	1	518	33.000000	5.072000	0.446000	1439521975	147354761	443425656	639625530	2150988	1247	
3.500000	x264	1	518	33.000000	5.072000	0.446000	1440716740	147195810	443690667	640538223	2046725	1200	
3.500000	x264	1	518	33.000000	5.072000	0.446000	1431234517	146632469	441641177	636409270	2026045	1145	
3.500000	x264	1	614	33.000000	5.072000	0.486000	1431609346	144870828	436209688	628432213	2017932	1162	
4.000000	x264	1	614	33.000000	5.072000	0.446000	1438501034	146003861	439434553	633292031	2131624	1286	
4.000000	x264	1	614	33.000000	5.072000	0.486000	1426777436	144710119	435842299	627484284	2031768	1213	
3.000000	x264	1	710	33.000000	5.072000	0.527000	1455977823	146323830	439979130	634055486	2014145	1168	
3.500000	x264	1	710	33.000000	5.072000	0.486000	1442775386	145269670	437465413	630345734	2050106	1204	
3.000000	x264	1	710	33.000000	5.072000	0.486000	1441338011	144746803	435818722	627188736	2044247	1127	
3.000000	x264	1	921	33.000000	5.064000	0.607000	1475009629	144821902	435735173	627224897	2010196	1219	
3.000000	x264	1	921	33.000000	5.064000	0.607000	1470096800	144606242	435787796	627069940	2032028	1289	
3.000000	x264	1	921	33.000000	5.064000	0.567000	1478863947	145402222	438001119	631303847	2038808	1316	
3.000000	x264	1	1036	33.000000	5.064000	0.607000	1496386424	145450617	438364878	631707089	2016345	1155	
3.000000	x264	1	1036	33.000000	5.072000	0.568000	1488146465	144160844	434256342	625484735	2016350	1284	
2.500000	x264	1	1036	33.000000	5.064000	0.607000	1481292398	144361421	434325035	625035400	2023489	1180	
3.000000	x264	1	1132	33.000000	5.064000	0.648000	1502975001	145471250	438024549	630874229	2146365	1220	
3.000000	x264	1	1132	33.000000	5.064000	0.648000	1502762723	145098908	437232600	630488069	2032581	1187	
2.500000	x264	1	1132	33.000000	5.064000	0.648000	1486529200	144124906	434268578	625287310	2025103	1238	
3.000000	x264	1	1224	34.000000	5.064000	0.729000	1504455433	143803806	433004470	623519178	2041616	1222	
3.000000	x264	1	1224	33.000000	5.064000	0.729000	1521320306	145877829	438794286	632480067	2147641	1206	
2.500000	x264	1	1224	33.000000	5.064000	0.729000	1518821348	145284763	437580463	630516027	2146898	1274	
2.500000	x264	1	1428	33.000000	5.056000	0.930000	1558155181	146344606	441193611	636167445	2020890	1228	
3.000000	x264	1	1428	33.000000	5.056000	0.970000	1527319049	143679919	432516139	622643699	2153179	1183	
2.500000	x264	1	1428	33.000000	5.056000	0.930000	1539779899	144741929	435939416	627360077	2033918	1172	
2.500000	x264	1	1479	34.000000	5.056000	0.970000	1566291675	146305623	440781191	635203347	2025928	1211	
3.000000	x264	1	1479	34.000000	5.056000	1.011000	1554230081	145477722	438355070	631700396	2026664	1180	
2.500000	x264	1	1479	34.000000	5.056000	0.970000	1551626275	145392180	438131675	631346463	2024604	1215	
