Run Duration (ms)	Benchmark	Run(#)	CPU Frequency (MHz)	CPU Temperature(C)	Voltage[V]	Power[W]	CPU_CYCLES	BR_MIS_PRED	BR_PRED	MEM_ACCESS	L1I_CACHE	L1D_CACHE_WB
19.000000	blackscholes	1	102	37.000000	5.072000	0.283000	1451006154	8940007	231684691	455212583	578454699	4557811	
14.000000	blackscholes	1	102	37.000000	5.072000	0.243000	1444653197	8956755	230155256	453142445	576027990	4475453	
21.500000	blackscholes	1	102	37.000000	5.064000	0.283000	1442562839	8949055	230469680	452888412	576503100	4446493	
12.500000	blackscholes	1	204	37.000000	5.056000	0.404000	1410072370	8514445	228238406	446985827	565040764	4211618	
9.500000	blackscholes	1	204	37.000000	5.056000	0.404000	1399161057	8579391	227037916	444618291	562859379	4149568	
7.000000	blackscholes	1	204	37.000000	5.056000	0.404000	1411374522	8539972	228311377	447235962	566377788	4229450	
5.500000	blackscholes	1	307	37.000000	5.056000	0.444000	1403642004	8375438	226787903	443660044	560683153	4099747	
7.000000	blackscholes	1	307	37.000000	5.056000	0.484000	1399131261	8436842	225680072	442004321	558509961	4061412	
5.000000	blackscholes	1	307	37.000000	5.056000	0.485000	1408528160	8403702	227561415	445437154	562023307	4157058	
4.500000	blackscholes	1	403	37.000000	5.056000	0.525000	1401666108	8296410	225356142	441030393	556252753	4015056	
5.000000	blackscholes	1	403	37.000000	5.056000	0.566000	1404852621	8244621	225769133	441472113	556748765	4085971	
5.000000	blackscholes	1	403	37.000000	5.056000	0.525000	1406935030	8282537	225236983	440829984	557203568	4012425	
4.000000	blackscholes	1	518	37.000000	5.048000	0.605000	1406412605	8120138	223524631	436946774	551811775	3966139	
4.000000	blackscholes	1	518	37.000000	5.048000	0.646000	1414140788	8185701	225380116	440876585	556178436	3973083	
3.500000	blackscholes	1	518	37.000000	5.048000	0.605000	1404731277	8153085	223085380	436770912	551099360	3983454	
3.500000	blackscholes	1	614	37.000000	5.048000	0.646000	1435963207	8186619	226262991	441951236	556805312	4021404	
3.500000	blackscholes	1	614	37.000000	5.040000	0.685000	1420078829	8136176	223509994	437206634	551349906	3920734	
3.500000	blackscholes	1	614	37.000000	5.048000	0.686000	1428414371	8123746	224947697	439775080	554063403	3943699	
3.500000	blackscholes	1	710	37.000000	5.048000	0.767000	1443171764	8122054	225714790	440491940	556255984	4000092	
3.500000	blackscholes	1	710	37.000000	5.048000	0.726000	1437079655	8114834	224355857	438637134	552428183	3923688	
3.500000	blackscholes	1	710	37.000000	5.048000	0.767000	1444906196	8190521	225712896	440677053	555722422	4013789	
3.000000	blackscholes	1	921	38.000000	5.040000	0.887000	1464847364	8061545	224585444	438367409	552419355	3969758	
3.500000	blackscholes	1	921	37.000000	5.040000	0.887000	1474782585	8083359	225169253	439845400	554570851	3948991	
3.000000	blackscholes	1	921	37.000000	5.040000	0.846000	1455577917	8058856	223011800	435690454	550014733	3881569	
3.000000	blackscholes	1	1036	37.000000	5.040000	0.927000	1506751210	8083413	228337173	444803118	561632276	3997198	
3.500000	blackscholes	1	1036	37.000000	5.040000	0.967000	1478539888	8037640	224144935	437948955	551383150	3954220	
3.500000	blackscholes	1	1036	37.000000	5.040000	0.967000	1492593005	8095512	225815229	440487688	554751998	4017357	
2.500000	blackscholes	1	1132	37.000000	5.040000	0.927000	1489447909	8027797	224443550	438400434	552583016	3946240	
3.500000	blackscholes	1	1132	37.000000	5.040000	1.008000	1501594694	8139573	226878914	442878226	557116920	3966321	
3.000000	blackscholes	1	1132	37.000000	5.040000	0.967000	1487579580	7996768	224496695	438594279	552948437	3958795	
3.000000	blackscholes	1	1224	38.000000	5.040000	1.088000	1501945958	7972488	223787667	436993899	550877317	3932343	
3.000000	blackscholes	1	1224	38.000000	5.040000	1.128000	1514214206	8025000	226592910	442137404	555971578	3972429	
3.500000	blackscholes	1	1224	38.000000	5.040000	1.128000	1508802992	8039865	224870088	439152445	553106317	3950368	
4.000000	blackscholes	1	1428	38.000000	5.032000	1.288000	1523467228	7945743	223865309	437008491	551025101	3928934	
2.000000	blackscholes	1	1428	38.000000	5.032000	1.368000	1548393599	8067237	227679487	443612575	557985797	4060607	
3.000000	blackscholes	1	1428	38.000000	5.032000	1.368000	1537609828	7948553	225060707	439432350	552868357	3976492	
2.500000	blackscholes	1	1479	38.000000	5.032000	1.449000	1535554025	7995741	223199023	436374142	549479585	3984638	
4.000000	blackscholes	1	1479	38.000000	5.032000	1.368000	1557338549	7996816	227289560	443225228	557176745	3978709	
3.000000	blackscholes	1	1479	38.000000	5.032000	1.489000	1538577937	7987234	223978086	437106269	551882587	3921880	
14.000000	bodytrack	1	102	37.000000	5.064000	0.243000	1688101568	9296324	277611855	547959142	690732968	4898034	
14.500000	bodytrack	1	102	37.000000	5.064000	0.243000	1691837142	9301461	277659382	548175078	691985130	4958418	
13.500000	bodytrack	1	102	36.000000	5.072000	0.243000	1672777503	9270381	274944409	542637891	685565527	4815283	
7.000000	bodytrack	1	204	36.000000	5.064000	0.324000	1642403655	8948469	271601958	535020077	674041552	4572550	
7.000000	bodytrack	1	204	37.000000	5.064000	0.324000	1650298333	8811942	274260286	538853239	676702844	4648907	
6.500000	bodytrack	1	204	36.000000	5.064000	0.324000	1636834561	8803612	272776704	536284324	674282079	4572198	
5.500000	bodytrack	1	307	37.000000	5.064000	0.364000	1632751722	8681295	269946875	531063486	667288930	4430098	
5.500000	bodytrack	1	307	36.000000	5.064000	0.364000	1633268248	8741124	269942174	531060649	667154654	4444248	
5.000000	bodytrack	1	307	37.000000	5.064000	0.364000	1633325317	8785384	269856191	531115733	667655431	4456847	
4.500000	bodytrack	1	403	37.000000	5.064000	0.405000	1634059368	8612596	268691576	527969405	663907444	4354946	
4.500000	bodytrack	1	403	36.000000	5.056000	0.444000	1642426975	8625455	271139864	532602995	667866376	4396417	
5.000000	bodytrack	1	403	37.000000	5.064000	0.445000	1656647697	8624316	273621790	536417028	671965524	4442620	
5.000000	bodytrack	1	518	36.000000	5.064000	0.486000	1655753612	8517069	270508928	530746086	666128170	4394423	
4.000000	bodytrack	1	518	37.000000	5.064000	0.445000	1651860902	8551542	269070869	528721995	663327280	4329978	
3.500000	bodytrack	1	518	37.000000	5.064000	0.486000	1678366922	8543210	274185639	537252700	672842929	4479699	
3.500000	bodytrack	1	614	37.000000	5.064000	0.526000	1667086201	8402628	270228892	530189378	663818247	4340765	
3.500000	bodytrack	1	614	37.000000	5.064000	0.526000	1667391639	8450174	270028421	530162136	664108885	4395253	
3.500000	bodytrack	1	614	37.000000	5.064000	0.526000	1666420427	8464486	269753513	529635088	664009313	4377455	
3.000000	bodytrack	1	710	37.000000	5.056000	0.566000	1679944752	8409016	269617573	529509025	662985036	4326523	
3.000000	bodytrack	1	710	37.000000	5.056000	0.606000	1690765051	8486219	271096096	531814469	667387031	4375403	
3.500000	bodytrack	1	710	37.000000	5.056000	0.566000	1683868839	8513477	269585908	529068999	664852632	4325184	
3.000000	bodytrack	1	921	37.000000	5.048000	0.726000	1709897809	8372609	268599582	527407486	661954741	4368271	
3.000000	bodytrack	1	921	37.000000	5.056000	0.726000	1721543260	8455769	271695056	532550681	665856855	4337025	
3.000000	bodytrack	1	921	37.000000	5.056000	0.726000	1712305598	8430985	269961574	529794379	663531022	4372684	
3.500000	bodytrack	1	1036	37.000000	5.048000	0.848000	1726618053	8297356	268879743	527350759	660970181	4316109	
3.000000	bodytrack	1	1036	37.000000	5.048000	0.848000	1726459078	8359502	269652857	528848181	662557697	4299134	
3.000000	bodytrack	1	1036	38.000000	5.048000	0.848000	1729660111	8337669	269539623	528939044	662646566	4409262	
3.000000	bodytrack	1	1132	37.000000	5.048000	0.848000	1715345706	8324264	266399241	523573112	657443449	4232660	
3.500000	bodytrack	1	1132	37.000000	5.048000	0.848000	1746757937	8360704	271710985	532228462	665743539	4315376	
4.500000	bodytrack	1	1132	38.000000	5.048000	0.888000	1737063381	8325724	269767827	528904434	662323809	4353051	
2.500000	bodytrack	1	1224	38.000000	5.048000	0.969000	1750160053	8304722	269167427	527938699	661233575	4293262	
2.500000	bodytrack	1	1224	37.000000	5.048000	0.969000	1749467443	8362391	269204741	528302262	660295055	4269078	
3.000000	bodytrack	1	1224	37.000000	5.048000	0.969000	1750252716	8295096	269393742	528273090	661305080	4243640	
3.000000	bodytrack	1	1428	38.000000	5.040000	1.209000	1781685570	8258485	268998510	528290340	660784469	4302765	
2.500000	bodytrack	1	1428	38.000000	5.032000	1.247000	1773555016	8250380	268519136	526967453	659591971	4242556	
3.000000	bodytrack	1	1428	38.000000	5.040000	1.249000	1768340706	8249380	267292230	524933085	657001082	4240608	
2.500000	bodytrack	1	1479	38.000000	5.032000	1.328000	1777050897	8251371	267026743	524340717	657534787	4226524	
2.500000	bodytrack	1	1479	38.000000	5.032000	1.328000	1788603212	8254363	269706872	528892284	662506808	4315732	
3.000000	bodytrack	1	1479	38.000000	5.032000	1.328000	1792556088	8323296	270094286	529355204	662834955	4344100	
12.500000	dedup	1	102	37.000000	5.072000	0.243000	1463551524	8984107	234612653	460911173	584604103	4688156	
18.500000	dedup	1	102	37.000000	5.072000	0.243000	1462144094	9031857	234029047	460454471	584677460	4643566	
16.000000	dedup	1	102	37.000000	5.072000	0.243000	1454670178	8986944	232673935	458289527	581952435	4623062	
8.000000	dedup	1	204	37.000000	5.064000	0.364000	1413222680	8506859	228629710	448801205	566177601	4340597	
7.000000	dedup	1	204	37.000000	5.064000	0.364000	1417679292	8480660	230656138	451700671	569215160	4408430	
12.000000	dedup	1	204	37.000000	5.056000	0.404000	1413917036	8502975	229468575	449689592	567250107	4331176	
5.000000	dedup	1	307	37.000000	5.056000	0.444000	1415710015	8366959	228952311	448928151	564659698	4282277	
5.000000	dedup	1	307	37.000000	5.056000	0.485000	1416427026	8361985	229281563	449026128	565124188	4309895	
6.000000	dedup	1	307	37.000000	5.056000	0.485000	1414992099	8339025	229066325	448225606	564561442	4253429	
5.000000	dedup	1	403	37.000000	5.056000	0.525000	1411905705	8283944	227915123	446045639	560651047	4193047	
4.000000	dedup	1	403	37.000000	5.056000	0.525000	1427311797	8342149	229154437	448061626	566388097	4259651	
5.000000	dedup	1	403	37.000000	5.048000	0.565000	1417141492	8219805	228190590	446390645	561252028	4242068	
4.000000	dedup	1	518	37.000000	5.048000	0.605000	1433386302	8235498	228048426	446118399	561346067	4221161	
4.000000	dedup	1	518	37.000000	5.048000	0.605000	1414777506	8170741	225600460	441666841	555981920	4151445	
4.000000	dedup	1	518	37.000000	5.048000	0.605000	1436987356	8213553	228202975	446645692	562288592	4206841	
4.000000	dedup	1	614	37.000000	5.048000	0.686000	1454295890	8158903	230414928	450163291	564743167	4215648	
5.000000	dedup	1	614	37.000000	5.048000	0.646000	1439113859	8160267	227035589	444419434	558360461	4149188	
4.000000	dedup	1	614	37.000000	5.048000	0.686000	1433749242	8106991	226055023	442659395	556383203	4143737	
3.000000	dedup	1	710	37.000000	5.048000	0.726000	1455274100	8118387	227936971	445479677	559213065	4110548	
3.500000	dedup	1	710	37.000000	5.040000	0.766000	1462163432	8145782	228615625	446392299	560359944	4249199	
3.000000	dedup	1	710	37.000000	5.048000	0.726000	1453167114	8127577	227480532	444587525	559047567	4141665	
3.000000	dedup	1	921	37.000000	5.040000	0.846000	1484878487	8123137	228231425	445844275	559848729	4124413	
3.000000	dedup	1	921	37.000000	5.040000	0.846000	1484967870	8084222	227433941	444101640	558326373	4137193	
2.500000	dedup	1	921	37.000000	5.040000	0.846000	1478444702	8103934	226784205	443118983	556570108	4156329	
3.000000	dedup	1	1036	37.000000	5.040000	0.927000	1499083451	8038831	227176651	444135557	557210532	4117323	
3.000000	dedup	1	1036	37.000000	5.040000	0.966000	1498183328	8074600	227831236	444877734	558181843	4115473	
4.000000	dedup	1	1036	37.000000	5.040000	0.927000	1486376784	8067042	224825134	440345409	553534478	4105544	
3.000000	dedup	1	1132	37.000000	5.032000	1.006000	1496231060	7981633	224802947	440141442	552955996	4147276	
3.000000	dedup	1	1132	37.000000	5.032000	1.006000	1488844870	7998728	224795806	439942943	553330610	4084734	
3.000000	dedup	1	1132	37.000000	5.040000	1.008000	1518627135	8112934	229386791	447911284	562274290	4216773	
4.000000	dedup	1	1224	37.000000	5.040000	1.167000	1520126753	8017576	227885705	444646133	557952811	4141237	
2.500000	dedup	1	1224	37.000000	5.032000	1.167000	1525990914	8008516	227689132	444833758	558913250	4192041	
2.500000	dedup	1	1224	37.000000	5.032000	1.127000	1523619799	8075275	228263146	446142996	559139304	4092557	
3.000000	dedup	1	1428	38.000000	5.024000	1.446000	1550074500	8014766	226435929	442850031	556210654	4207349	
3.000000	dedup	1	1428	38.000000	5.024000	1.446000	1557531367	8002409	229355845	447352442	560896869	4133512	
2.500000	dedup	1	1428	38.000000	5.032000	1.328000	1538557322	7980469	225850073	441112900	554791355	4157824	
2.500000	dedup	1	1479	38.000000	5.024000	1.487000	1549843015	8029262	226011742	442078950	556189703	4114007	
2.500000	dedup	1	1479	38.000000	5.024000	1.368000	1554666511	7975667	227026975	443696002	557429388	4113337	
2.500000	dedup	1	1479	38.000000	5.024000	1.527000	1555309795	7986819	226661998	443129014	555926025	4217781	
15.000000	ferret	1	102	36.000000	5.072000	0.243000	1455500778	9068324	231665894	457853122	583705762	4492997	
12.500000	ferret	1	102	37.000000	5.072000	0.243000	1471224507	9125035	235059696	463871071	588586399	4522541	
14.500000	ferret	1	102	36.000000	5.072000	0.243000	1483258285	9178399	237909778	468755166	593667961	4632220	
7.000000	ferret	1	204	36.000000	5.064000	0.324000	1440648352	8694423	232064637	456248011	577662868	4303812	
6.500000	ferret	1	204	36.000000	5.072000	0.324000	1435577354	8692313	231437319	455111733	576011212	4289441	
6.000000	ferret	1	204	36.000000	5.072000	0.324000	1437276961	8736253	230837711	454442713	576274096	4303798	
5.500000	ferret	1	307	36.000000	5.072000	0.364000	1430974559	8568585	230855007	453450421	572166977	4240529	
5.000000	ferret	1	307	36.000000	5.072000	0.365000	1418396554	8466075	227615368	447770392	566174323	4131542	
5.000000	ferret	1	307	36.000000	5.072000	0.365000	1430639678	8559701	229536028	450762385	571493814	4375578	
5.000000	ferret	1	403	36.000000	5.072000	0.405000	1439122232	8415668	229561944	450429226	569540292	4169676	
4.000000	ferret	1	403	36.000000	5.064000	0.405000	1432099209	8432338	228531131	448591814	567309546	4090766	
5.000000	ferret	1	403	36.000000	5.072000	0.405000	1421383564	8453436	226701153	445999266	563752624	4085506	
4.000000	ferret	1	518	36.000000	5.072000	0.445000	1448083787	8374334	229616733	450229126	567690378	4084663	
4.000000	ferret	1	518	36.000000	5.072000	0.445000	1451594386	8413313	229019750	449852249	568735637	4165235	
3.000000	ferret	1	518	36.000000	5.072000	0.446000	1454086293	8441508	230032136	451068979	569217799	4124338	
4.000000	ferret	1	614	36.000000	5.072000	0.486000	1460549060	8324121	229040257	449516050	566563813	4073920	
3.000000	ferret	1	614	37.000000	5.072000	0.486000	1459359677	8314601	228745268	448865992	567029150	4124380	
4.000000	ferret	1	614	36.000000	5.072000	0.486000	1458308115	8320416	228674314	448382439	565857518	4125929	
3.000000	ferret	1	710	36.000000	5.064000	0.526000	1473333844	8378128	228530206	448569593	566501945	4077425	
3.000000	ferret	1	710	37.000000	5.064000	0.486000	1482697750	8298278	230879171	452777886	570590569	4138049	
3.000000	ferret	1	710	37.000000	5.064000	0.526000	1473672444	8280983	228483115	447999709	565983298	4099159	
3.000000	ferret	1	921	36.000000	5.064000	0.607000	1505637579	8232649	228822773	449117146	565957456	4060564	
3.000000	ferret	1	921	37.000000	5.064000	0.607000	1503531637	8269600	229480858	449431046	566750265	4039592	
3.000000	ferret	1	921	36.000000	5.064000	0.567000	1492240208	8210927	227283123	445764610	562401231	4107624	
3.000000	ferret	1	1036	36.000000	5.064000	0.648000	1511945095	8239388	227599851	446775821	562670733	4073259	
4.000000	ferret	1	1036	37.000000	5.064000	0.688000	1519210156	8188809	228200234	447987143	564269648	4047713	
3.000000	ferret	1	1036	37.000000	5.064000	0.648000	1506223623	8248070	226329550	444621535	560951154	4054575	
2.000000	ferret	1	1132	36.000000	5.064000	0.648000	1526126374	8272228	228797314	448667662	565455525	4082702	
3.000000	ferret	1	1132	37.000000	5.064000	0.648000	1519732838	8271181	227387716	446324644	562594326	4048556	
3.000000	ferret	1	1132	37.000000	5.064000	0.648000	1519433064	8202723	227816734	446530519	563787877	4040972	
2.000000	ferret	1	1224	37.000000	5.056000	0.728000	1540093860	8243119	228651806	448322538	566005316	4043792	
3.000000	ferret	1	1224	36.000000	5.064000	0.729000	1553820750	8232448	231050999	452319513	569267562	4114402	
3.000000	ferret	1	1224	37.000000	5.056000	0.728000	1537633314	8228313	228405226	447524248	564031603	4046600	
2.000000	ferret	1	1428	37.000000	5.056000	0.930000	1562178307	8178747	228006997	447107301	563496770	4060020	
2.000000	ferret	1	1428	38.000000	5.056000	0.930000	1560040793	8098211	227018001	445474021	561208764	4101649	
3.000000	ferret	1	1428	38.000000	5.056000	0.930000	1561674246	8139954	227514646	445877755	561850209	4002884	
3.000000	ferret	1	1479	37.000000	5.056000	0.970000	1574209847	8141172	228945328	448266928	563772752	4037082	
3.000000	ferret	1	1479	37.000000	5.056000	1.011000	1575125532	8199875	228380796	447312226	564521068	4033053	
3.000000	ferret	1	1479	38.000000	5.048000	1.009000	1566444915	8212484	226358572	444488758	560672965	4089499	
12.000000	fluidanimate	1	102	36.000000	5.072000	0.243000	1476179170	9241415	239665827	471911323	600549174	4492769	
13.000000	fluidanimate	1	102	36.000000	5.072000	0.284000	1480455367	9227460	239554859	471837154	599024327	4565828	
13.000000	fluidanimate	1	102	36.000000	5.072000	0.243000	1490823978	9285426	240915281	474140067	602054723	4614219	
7.000000	fluidanimate	1	204	36.000000	5.064000	0.364000	1453553177	8822910	238118239	466730675	589936861	4377112	
7.000000	fluidanimate	1	204	36.000000	5.064000	0.364000	1441853487	8867383	236593724	463808967	586978212	4302396	
7.000000	fluidanimate	1	204	37.000000	5.064000	0.364000	1446017246	8844726	235926365	463103933	586816118	4312407	
5.000000	fluidanimate	1	307	36.000000	5.048000	0.484000	1451769202	8686690	237251311	464172743	586430179	4225168	
5.000000	fluidanimate	1	307	37.000000	5.056000	0.444000	1446931656	8610643	236656496	463408301	584495061	4241169	
7.000000	fluidanimate	1	307	37.000000	5.056000	0.444000	1468421615	8735670	240429743	470066519	592244705	4286105	
4.000000	fluidanimate	1	403	36.000000	5.056000	0.485000	1448304843	8588098	235533553	461145153	582535612	4163924	
4.000000	fluidanimate	1	403	37.000000	5.056000	0.525000	1451396611	8671714	235427684	460920725	582933815	4138868	
4.000000	fluidanimate	1	403	36.000000	5.056000	0.525000	1441789084	8534814	234226744	458745954	578352592	4149977	
4.000000	fluidanimate	1	518	37.000000	5.048000	0.566000	1469134802	8527830	236853270	462854105	583039527	4162636	
4.000000	fluidanimate	1	518	36.000000	5.048000	0.565000	1456618830	8501807	235148386	459871186	579849561	4099872	
3.000000	fluidanimate	1	518	37.000000	5.048000	0.605000	1455018855	8471975	234193417	458094366	577559904	4081527	
4.000000	fluidanimate	1	614	37.000000	5.048000	0.646000	1480781553	8592414	236230204	462029860	581849447	4127573	
4.000000	fluidanimate	1	614	37.000000	5.048000	0.646000	1480894753	8420715	236582529	462176065	581236004	4116670	
4.000000	fluidanimate	1	614	37.000000	5.048000	0.646000	1481630162	8563043	236617524	462550478	582959350	4141212	
3.000000	fluidanimate	1	710	37.000000	5.048000	0.726000	1485968509	8531638	235090827	459986342	580161491	4085967	
4.000000	fluidanimate	1	710	37.000000	5.048000	0.686000	1495007912	8451300	236942814	462570002	581873075	4091339	
5.000000	fluidanimate	1	710	37.000000	5.048000	0.726000	1482487365	8412811	234130323	457765923	577877335	4132557	
3.000000	fluidanimate	1	921	37.000000	5.032000	0.845000	1514386323	8373365	234142195	457949549	576749680	4049280	
3.000000	fluidanimate	1	921	36.000000	5.048000	0.807000	1513246900	8392543	233846702	457473502	576301914	4040060	
2.000000	fluidanimate	1	921	37.000000	5.032000	0.845000	1511118110	8415026	233411493	456360391	576198674	4205984	
2.000000	fluidanimate	1	1036	37.000000	5.040000	0.887000	1530386702	8378012	233398465	456695587	575447066	4043291	
3.000000	fluidanimate	1	1036	37.000000	5.040000	0.966000	1532067171	8385998	233886364	457622111	576938668	4090028	
3.000000	fluidanimate	1	1036	37.000000	5.040000	0.887000	1538574894	8349407	234882027	458861062	578724201	4067658	
3.000000	fluidanimate	1	1132	37.000000	5.040000	0.967000	1546930111	8380803	235934529	460670168	582191724	4200648	
3.000000	fluidanimate	1	1132	37.000000	5.024000	1.004000	1546540076	8498383	235510504	460262434	582234276	4145339	
3.000000	fluidanimate	1	1132	37.000000	5.040000	0.927000	1537789423	8378971	234706416	458492093	577579188	4111756	
2.000000	fluidanimate	1	1224	37.000000	5.032000	1.048000	1541425495	8327205	232066986	454381703	573593713	4057197	
3.000000	fluidanimate	1	1224	38.000000	5.032000	1.127000	1564276714	8337438	236145821	461069007	580855187	4136011	
3.000000	fluidanimate	1	1224	37.000000	5.040000	1.048000	1556555729	8315732	235042827	459205639	577184112	4072336	
2.000000	fluidanimate	1	1428	38.000000	5.024000	1.564000	1579299682	8297791	233896946	457313317	575258646	4068527	
3.000000	fluidanimate	1	1428	38.000000	5.016000	1.446000	1578840182	8269319	234144958	457743358	576317453	4042824	
3.000000	fluidanimate	1	1428	38.000000	5.008000	1.522000	1588497005	8260469	235134247	459444166	577335187	4083510	
3.000000	fluidanimate	1	1479	38.000000	5.024000	1.446000	1585124238	8289599	233693933	456443286	574894994	4061543	
2.000000	fluidanimate	1	1479	38.000000	5.024000	1.406000	1596680177	8349797	235431238	460132434	577778939	4081929	
3.000000	fluidanimate	1	1479	39.000000	5.016000	1.605000	1597643349	8282472	235721643	460034871	577987001	4042351	
13.000000	freqmine	1	102	36.000000	5.072000	0.243000	1479397190	9400751	240186593	466954253	594414454	4707508	
22.000000	freqmine	1	102	37.000000	5.072000	0.243000	1474367256	9271466	239041926	464466695	592006699	4599289	
17.000000	freqmine	1	102	36.000000	5.072000	0.243000	1466205515	9284222	236796520	460703300	588801301	4597307	
8.000000	freqmine	1	204	37.000000	5.064000	0.364000	1434926469	8907072	235115705	455471311	578341937	4318377	
7.000000	freqmine	1	204	36.000000	5.064000	0.364000	1427647643	8831908	234040848	454101538	577082178	4311206	
9.000000	freqmine	1	204	36.000000	5.056000	0.364000	1425954440	8860436	233221220	452053835	575666368	4308327	
5.000000	freqmine	1	307	37.000000	5.056000	0.444000	1415715718	8677077	231077862	447918687	568549499	4190054	
5.000000	freqmine	1	307	37.000000	5.056000	0.444000	1428957138	8690498	233021377	451511876	573213853	4196336	
6.000000	freqmine	1	307	37.000000	5.056000	0.444000	1429879354	8738153	232880096	450894349	573620973	4237441	
5.000000	freqmine	1	403	37.000000	5.056000	0.485000	1428257466	8592452	232280437	449247253	570711912	4141099	
4.000000	freqmine	1	403	37.000000	5.056000	0.525000	1433303840	8720824	232477333	450113623	571452201	4145120	
5.000000	freqmine	1	403	37.000000	5.056000	0.525000	1430787614	8643241	232330264	449385816	569967477	4192988	
3.000000	freqmine	1	518	37.000000	5.048000	0.565000	1463677432	8621155	235984382	455768800	577042630	4215091	
4.000000	freqmine	1	518	37.000000	5.048000	0.566000	1443369359	8572538	233239937	450933740	571421325	4128164	
3.000000	freqmine	1	518	37.000000	5.048000	0.605000	1448240556	8587731	232980595	450117632	570483472	4122963	
4.000000	freqmine	1	614	37.000000	5.048000	0.605000	1465100850	8514529	234128783	452282681	572000243	4165417	
3.000000	freqmine	1	614	37.000000	5.048000	0.646000	1457738800	8529442	232236792	448795325	570457082	4109313	
4.000000	freqmine	1	614	37.000000	5.048000	0.605000	1449005421	8469889	231316633	447220079	566331069	4062945	
3.000000	freqmine	1	710	37.000000	5.048000	0.686000	1462815587	8427631	231504309	447320501	567018499	4024108	
3.000000	freqmine	1	710	37.000000	5.048000	0.726000	1464249051	8459691	232084615	448624601	566837144	4123684	
3.000000	freqmine	1	710	37.000000	5.048000	0.686000	1462906726	8474556	230902818	446596933	565570225	4063127	
3.000000	freqmine	1	921	37.000000	5.040000	0.887000	1496991620	8471091	232067780	448200080	568330024	4041054	
3.000000	freqmine	1	921	37.000000	5.048000	0.848000	1497275377	8380200	232516667	449048084	568900455	4059168	
3.000000	freqmine	1	921	37.000000	5.040000	0.925000	1488257766	8376717	230392069	445117371	563658411	4027281	
3.000000	freqmine	1	1036	37.000000	5.040000	0.887000	1507083968	8390823	230492505	445307542	564689257	4021445	
3.000000	freqmine	1	1036	37.000000	5.040000	0.927000	1516116300	8382858	232836388	449526010	568098645	4114715	
2.000000	freqmine	1	1036	37.000000	5.040000	0.887000	1524454238	8411339	234302823	452197299	570602299	4120078	
3.000000	freqmine	1	1132	37.000000	5.040000	0.887000	1514196436	8382551	230821617	446283273	565110241	4069563	
3.000000	freqmine	1	1132	37.000000	5.040000	0.887000	1514403784	8378354	230146001	445539028	564045487	4072108	
3.000000	freqmine	1	1132	37.000000	5.040000	0.887000	1516460871	8369688	231437757	447400696	565355733	4082819	
3.000000	freqmine	1	1224	37.000000	5.032000	1.167000	1549002998	8431157	234486118	452383109	572608448	4122042	
3.000000	freqmine	1	1224	38.000000	5.032000	1.046000	1534677082	8352954	231622815	447474957	565509575	4059921	
2.000000	freqmine	1	1224	37.000000	5.032000	1.046000	1543967831	8374573	233843802	451128998	570816520	4056862	
2.000000	freqmine	1	1428	38.000000	5.024000	1.366000	1556651529	8296125	230583463	445774867	563984009	4051357	
3.000000	freqmine	1	1428	38.000000	5.024000	1.406000	1560549728	8295062	230540703	445694191	564847842	4049764	
3.000000	freqmine	1	1428	38.000000	5.032000	1.247000	1561208618	8294961	231447271	447149211	566857229	4072328	
2.000000	freqmine	1	1479	38.000000	5.032000	1.408000	1569739524	8281716	231249862	446894799	564588215	4068180	
2.000000	freqmine	1	1479	38.000000	5.024000	1.487000	1566544888	8304909	230898134	445830689	563796092	4042472	
2.000000	freqmine	1	1479	39.000000	5.024000	1.446000	1573570901	8378961	232055577	448338556	566662815	4001279	
15.000000	streamcluster	1	102	37.000000	5.072000	0.243000	1429165577	8863662	229917551	452105403	573502084	4414461	
28.000000	streamcluster	1	102	36.000000	5.072000	0.243000	1435003964	8931447	229512974	451582786	574229898	4517466	
22.000000	streamcluster	1	102	36.000000	5.072000	0.243000	1423382501	8844867	227589049	448256134	570392318	4387110	
6.000000	streamcluster	1	204	36.000000	5.056000	0.364000	1396787993	8417615	226796345	444407254	560936881	4141636	
9.000000	streamcluster	1	204	36.000000	5.056000	0.404000	1384138694	8406947	224788748	440718789	557615406	4118604	
9.000000	streamcluster	1	204	36.000000	5.056000	0.404000	1398323770	8454427	226464046	444031274	561892109	4216478	
6.000000	streamcluster	1	307	36.000000	5.056000	0.485000	1395125689	8263245	225725913	441578885	556512643	4099626	
6.000000	streamcluster	1	307	36.000000	5.048000	0.484000	1397987272	8341788	226397845	442807111	558530598	4122580	
6.000000	streamcluster	1	307	36.000000	5.048000	0.484000	1393906843	8255483	226003939	442284126	557238459	4063545	
4.000000	streamcluster	1	403	36.000000	5.056000	0.525000	1386615799	8166402	223253351	437179771	551336441	4040608	
5.000000	streamcluster	1	403	37.000000	5.056000	0.525000	1396452558	8227377	224932824	439769856	554082958	3984093	
4.000000	streamcluster	1	403	36.000000	5.056000	0.525000	1402402980	8185693	225595117	441316962	555932549	4103948	
4.000000	streamcluster	1	518	37.000000	5.048000	0.605000	1403684490	8102979	223993608	438135288	551233141	3967796	
4.000000	streamcluster	1	518	37.000000	5.048000	0.605000	1398715171	8113309	223527757	437031218	550790328	3935365	
3.000000	streamcluster	1	518	36.000000	5.048000	0.605000	1408505911	8105510	224607692	438995393	552964760	3965729	
4.000000	streamcluster	1	614	36.000000	5.048000	0.646000	1417263822	8074416	223442715	437063612	550920530	3953315	
4.000000	streamcluster	1	614	37.000000	5.048000	0.686000	1415474172	8079053	223388669	436994937	550704435	3972364	
4.000000	streamcluster	1	614	36.000000	5.048000	0.646000	1422674735	8071509	224522591	438870910	553140474	3956116	
4.000000	streamcluster	1	710	36.000000	5.040000	0.766000	1422936692	8045875	221915209	434849193	548354378	3976997	
3.000000	streamcluster	1	710	37.000000	5.040000	0.726000	1438519795	8143653	225385893	440194241	553456170	3962686	
3.000000	streamcluster	1	710	36.000000	5.048000	0.726000	1428437689	8054615	223879477	437428740	550298388	4021378	
2.000000	streamcluster	1	921	37.000000	5.048000	0.848000	1457009786	7955100	224105863	437504588	550264739	3935512	
3.000000	streamcluster	1	921	37.000000	5.048000	0.888000	1456893819	7972352	223712440	437269987	549521280	3904713	
4.000000	streamcluster	1	921	37.000000	5.048000	0.888000	1447441686	7999813	222443228	435124708	548606653	3883023	
2.000000	streamcluster	1	1036	37.000000	5.040000	0.927000	1488863468	7992712	225685287	440774387	553587371	3965015	
4.000000	streamcluster	1	1036	37.000000	5.048000	0.928000	1472674160	7991511	222897840	435404533	549255371	3984123	
3.000000	streamcluster	1	1036	37.000000	5.040000	0.927000	1477164331	8042145	224283499	438576277	551213072	3920964	
3.000000	streamcluster	1	1132	37.000000	5.040000	0.927000	1474134908	7933413	223299482	436468534	548109573	3963211	
3.000000	streamcluster	1	1132	37.000000	5.048000	0.967000	1474367079	7981116	222974133	435970493	549438841	3871284	
3.000000	streamcluster	1	1132	37.000000	5.040000	0.967000	1467251976	7918063	221918408	433667117	546030243	3864186	
3.000000	streamcluster	1	1224	37.000000	5.040000	1.048000	1507345978	7968461	226153338	441066418	553793965	3977239	
3.000000	streamcluster	1	1224	38.000000	5.040000	1.048000	1483179735	7926117	221614490	433237910	546566901	3899380	
4.000000	streamcluster	1	1224	37.000000	5.040000	1.048000	1493289113	7944846	223776305	437226949	549809291	3979388	
3.000000	streamcluster	1	1428	38.000000	5.040000	1.330000	1510473960	7889871	222884359	435481581	547328304	3967367	
2.000000	streamcluster	1	1428	37.000000	5.032000	1.328000	1529406646	7969954	224994984	438963330	551452747	3986947	
2.000000	streamcluster	1	1428	37.000000	5.040000	1.209000	1524879054	7923700	224805626	438534909	550788784	3919009	
3.000000	streamcluster	1	1479	37.000000	5.032000	1.408000	1535929250	7900665	225535135	440085888	551650021	3978014	
3.000000	streamcluster	1	1479	38.000000	5.032000	1.368000	1554740334	8066358	227622495	443982514	556461510	4047831	
3.000000	streamcluster	1	1479	37.000000	5.032000	1.368000	1538160241	7924854	224434503	438006036	551381908	3995816	
16.000000	vips	1	102	36.000000	5.072000	0.243000	1599924589	9156076	253737868	503836910	632197370	5395125	
13.000000	vips	1	102	36.000000	5.072000	0.243000	1587600477	9091281	251055221	499286157	626192114	5367392	
16.000000	vips	1	102	36.000000	5.072000	0.243000	1597713682	9158611	253108184	502654039	629599947	5406150	
7.000000	vips	1	204	36.000000	5.072000	0.324000	1554103183	8637511	248195630	491471966	612392329	5139208	
7.000000	vips	1	204	36.000000	5.064000	0.324000	1564392103	8832451	251067698	496833182	620129678	5272484	
6.000000	vips	1	204	36.000000	5.064000	0.324000	1566605560	8776178	250589501	495834376	619041366	5191669	
6.000000	vips	1	307	36.000000	5.064000	0.364000	1544564327	8468769	246387536	487479419	606975255	5003078	
6.000000	vips	1	307	36.000000	5.064000	0.445000	1564752370	8674098	247193472	489571363	612050299	5136755	
6.000000	vips	1	307	36.000000	5.064000	0.364000	1579950192	8598770	248071549	490603068	610908811	5087252	
5.000000	vips	1	403	36.000000	5.064000	0.445000	1564030756	8443439	247771361	489264696	608313457	4970178	
4.000000	vips	1	403	36.000000	5.064000	0.445000	1609104695	8665426	248081874	490424064	612805691	5038048	
5.000000	vips	1	403	36.000000	5.064000	0.445000	1573449041	8419676	248598274	490796572	609536443	4967323	
4.000000	vips	1	518	36.000000	5.072000	0.445000	1583082867	8330233	247438031	488350767	606351531	4942549	
4.000000	vips	1	518	36.000000	5.064000	0.567000	1595854832	8436241	249056804	491779723	610375252	5031334	
4.000000	vips	1	518	36.000000	5.064000	0.486000	1576450074	8312832	247851573	488945600	606995231	5018142	
4.000000	vips	1	614	36.000000	5.064000	0.607000	1637474523	8487248	247052552	488702808	609452955	4949873	
4.000000	vips	1	614	36.000000	5.064000	0.567000	1605483213	8312324	248489485	490090254	607634856	4995440	
5.000000	vips	1	614	36.000000	5.064000	0.526000	1569800924	8251866	246030279	485533197	602627106	4897558	
4.000000	vips	1	710	37.000000	5.056000	0.606000	1619443088	8314510	245863155	485454683	603404650	4930466	
4.000000	vips	1	710	36.000000	5.064000	0.567000	1618143691	8284220	247420482	488335229	606001152	4966936	
3.000000	vips	1	710	37.000000	5.064000	0.567000	1605042519	8254624	247098599	487650843	605452474	4898297	
3.000000	vips	1	921	37.000000	5.064000	0.688000	1639549430	8327284	248331432	489642484	608988220	4920401	
3.000000	vips	1	921	37.000000	5.064000	0.648000	1641750518	8222492	247976387	489507199	606351256	4925912	
3.000000	vips	1	921	37.000000	5.064000	0.728000	1613572096	8160804	245967008	485104030	601944305	4896169	
3.000000	vips	1	1036	37.000000	5.048000	0.767000	1661969812	8369117	247293986	488241538	607221477	5023143	
3.000000	vips	1	1036	37.000000	5.056000	0.768000	1679553855	8237603	248205605	489449415	606764476	4892169	
2.000000	vips	1	1036	37.000000	5.056000	0.768000	1650931253	8311158	246772882	487096506	606641200	4874642	
3.000000	vips	1	1132	37.000000	5.056000	0.728000	1674693979	8246807	250271685	492494104	610067381	4945561	
3.000000	vips	1	1132	37.000000	5.056000	0.808000	1648633034	8227780	246161589	486307662	604143239	4898343	
3.000000	vips	1	1132	37.000000	5.056000	0.768000	1677780512	8267841	246984061	487550993	605650847	5023254	
2.000000	vips	1	1224	37.000000	5.056000	0.928000	1657767897	8192190	246902956	487392459	603576910	4862839	
2.000000	vips	1	1224	37.000000	5.056000	0.849000	1673912436	8314183	245239130	484460024	602061274	4840368	
3.000000	vips	1	1224	38.000000	5.056000	0.889000	1727164424	8288874	247432678	488505721	608014805	4916166	
3.000000	vips	1	1428	38.000000	5.048000	1.130000	1694754267	8151353	246319461	486069057	603133449	4857804	
4.000000	vips	1	1428	37.000000	5.048000	1.130000	1734821274	8198715	246759474	487060922	603488485	4907314	
3.000000	vips	1	1428	37.000000	5.048000	1.171000	1714704820	8251094	247963754	488668412	606592916	4925233	
3.000000	vips	1	1479	37.000000	5.048000	1.171000	1718231698	8102194	246620123	486542971	602420756	4886892	
2.000000	vips	1	1479	38.000000	5.048000	1.211000	1730985109	8248638	249413736	491095876	608766791	4884418	
2.000000	vips	1	1479	38.000000	5.032000	1.368000	1701030448	8185768	247040538	486781343	603797788	4893806	
19.000000	x264	1	102	36.000000	5.072000	0.243000	1471919451	9043318	231414465	455487259	579880745	4550413	
23.000000	x264	1	102	36.000000	5.072000	0.284000	1482813380	9142243	232168725	456672639	582172935	4575795	
18.000000	x264	1	102	36.000000	5.072000	0.243000	1559304556	9879562	233613100	460248398	592739698	4737683	
8.000000	x264	1	204	36.000000	5.072000	0.324000	1456419649	8754519	229298952	449236066	570305603	4458571	
9.000000	x264	1	204	37.000000	5.072000	0.324000	1407559020	8524736	227728762	446478374	564539888	4170184	
7.000000	x264	1	204	36.000000	5.072000	0.324000	1407617794	8543067	227869000	446746114	564972772	4186998	
5.000000	x264	1	307	36.000000	5.072000	0.364000	1406634520	8440259	227880274	445817022	562711396	4170017	
7.000000	x264	1	307	36.000000	5.072000	0.365000	1412848533	8372424	228610588	447064634	563384716	4099244	
5.000000	x264	1	307	36.000000	5.072000	0.365000	1403030619	8390899	226777080	443968912	560666873	4103739	
4.000000	x264	1	403	36.000000	5.072000	0.405000	1403161819	8307109	225310229	440910409	556696767	4011950	
5.000000	x264	1	403	36.000000	5.072000	0.405000	1416224377	8340983	227128824	444005569	561474310	4106248	
4.000000	x264	1	403	36.000000	5.064000	0.526000	1420551185	8298961	228082684	446044404	562249487	4180175	
4.000000	x264	1	518	36.000000	5.072000	0.445000	1413442653	8167010	224793703	440108830	554442864	3993624	
4.000000	x264	1	518	37.000000	5.072000	0.445000	1416128196	8260243	226141022	442043797	557493137	3995599	
4.000000	x264	1	518	36.000000	5.072000	0.486000	1433662715	8250028	228761080	447213367	562307599	4043066	
3.000000	x264	1	614	36.000000	5.072000	0.486000	1448195313	8193799	228155462	445695420	561941035	4068080	
4.000000	x264	1	614	36.000000	5.072000	0.486000	1427071487	8109280	224987177	440550809	554887296	4009395	
3.000000	x264	1	614	36.000000	5.072000	0.486000	1433106488	8236394	225921748	441617703	557132462	3986555	
3.000000	x264	1	710	37.000000	5.064000	0.526000	1445657995	8136393	226273406	441882917	556628058	3963368	
3.000000	x264	1	710	36.000000	5.064000	0.526000	1436470204	8132018	224713703	439253827	553747300	4025263	
3.000000	x264	1	710	37.000000	5.064000	0.486000	1444567713	8150569	226310374	442423638	557823288	3974774	
3.000000	x264	1	921	37.000000	5.056000	0.606000	1465186380	8101012	223998882	437817815	552536762	3920873	
3.000000	x264	1	921	36.000000	5.064000	0.607000	1460449068	8076341	222959306	436619488	551373835	3905767	
3.000000	x264	1	921	36.000000	5.064000	0.607000	1459107371	8046535	223209045	436830405	550515481	3993054	
3.000000	x264	1	1036	36.000000	5.064000	0.648000	1493585050	8130885	226304169	442552685	556973261	3940547	
3.000000	x264	1	1036	37.000000	5.064000	0.648000	1484697489	8089480	225106787	439687393	553421152	3967873	
2.000000	x264	1	1036	37.000000	5.064000	0.648000	1487619338	8072622	225415970	440244828	554705483	3923921	
3.000000	x264	1	1132	37.000000	5.056000	0.728000	1487863466	8028460	223854444	437714954	551803704	3986819	
3.000000	x264	1	1132	36.000000	5.064000	0.648000	1496625413	8089813	226162883	441883652	555835180	3994892	
3.000000	x264	1	1132	37.000000	5.064000	0.648000	1491049675	8073339	225266383	439948669	555032974	3989412	
3.000000	x264	1	1224	37.000000	5.064000	0.729000	1506574252	8036222	224666845	439473789	553154418	3940920	
3.000000	x264	1	1224	37.000000	5.056000	0.728000	1505496894	8107397	224571179	439241653	555009293	3971666	
3.000000	x264	1	1224	37.000000	5.064000	0.728000	1502100342	8038104	224024413	438538445	552229777	3944834	
3.000000	x264	1	1428	37.000000	5.056000	0.930000	1531869394	7984332	224738242	439381938	552287302	3956178	
3.000000	x264	1	1428	38.000000	5.056000	0.930000	1538914333	7987918	225715303	440609380	554145460	4030392	
3.000000	x264	1	1428	38.000000	5.056000	0.930000	1528901683	8007871	222854649	436497658	550331631	3939679	
3.000000	x264	1	1479	38.000000	5.048000	1.009000	1547458424	7944252	226209252	441446072	554065135	3947431	
3.000000	x264	1	1479	37.000000	5.056000	0.970000	1532570228	7928466	223908618	437456336	550082680	3894920	
3.000000	x264	1	1479	38.000000	5.056000	0.970000	1535514403	8037237	224410109	438795216	551767137	3908380	
