Run Duration (ms)	Benchmark	Run(#)	CPU Frequency (MHz)	CPU Temperature(C)	Voltage[V]	Power[W]	CPU_CYCLES	L2D_CACHE	L2D_CACHE_REFILL	L2D_CACHE_WB	BUS_ACCESS	MEMORY_ERROR
19.000000	blackscholes	1	102	38.000000	5.072000	0.243000	1459536672	51114896	6758147	1416744	38121751	0	
27.000000	blackscholes	1	102	38.000000	5.064000	0.243000	1458321835	50667586	6550560	1372057	37043516	0	
21.000000	blackscholes	1	102	38.000000	5.064000	0.283000	1462091707	50645231	6434611	1366471	36483586	0	
7.000000	blackscholes	1	204	38.000000	5.056000	0.404000	1421634216	46504126	5806052	1325631	33699793	0	
9.000000	blackscholes	1	204	38.000000	5.056000	0.404000	1404882553	46028911	5575406	1319722	32657576	0	
8.000000	blackscholes	1	204	37.000000	5.056000	0.404000	1430776679	46936405	5828764	1327232	33777064	0	
7.000000	blackscholes	1	307	38.000000	5.056000	0.485000	1399207129	44623238	5274475	1288167	31324360	0	
6.000000	blackscholes	1	307	38.000000	5.056000	0.485000	1405348652	44737287	5392573	1309758	32005384	0	
6.000000	blackscholes	1	307	37.000000	5.056000	0.485000	1404261165	44874241	5437346	1314661	32170410	0	
4.000000	blackscholes	1	403	38.000000	5.048000	0.524000	1406023604	44003149	5068308	1293994	30555298	0	
5.000000	blackscholes	1	403	38.000000	5.048000	0.524000	1410287204	44162936	5160704	1291134	30929640	0	
4.000000	blackscholes	1	403	38.000000	5.056000	0.565000	1406193610	44304176	5200099	1286451	31011764	0	
4.000000	blackscholes	1	518	38.000000	5.048000	0.605000	1422670597	43396741	5085893	1284811	30529063	0	
4.000000	blackscholes	1	518	38.000000	5.048000	0.605000	1412726288	43112074	4900621	1265767	29713670	0	
4.000000	blackscholes	1	518	37.000000	5.048000	0.605000	1411150447	43119098	4985103	1256825	29942417	0	
3.000000	blackscholes	1	614	38.000000	5.048000	0.686000	1429209262	42764261	4947248	1292933	30114046	0	
3.000000	blackscholes	1	614	38.000000	5.048000	0.686000	1425496915	43101418	4906134	1267922	29747057	0	
3.000000	blackscholes	1	614	38.000000	5.040000	0.686000	1435401812	43240193	5007768	1283553	30296184	0	
4.000000	blackscholes	1	710	38.000000	5.048000	0.767000	1442872117	42872327	4813946	1275458	29427406	0	
3.000000	blackscholes	1	710	38.000000	5.040000	0.766000	1449358014	42948310	4912651	1291578	29924077	0	
4.000000	blackscholes	1	710	38.000000	5.048000	0.726000	1441174845	42749492	4874338	1269365	29578738	0	
3.000000	blackscholes	1	921	38.000000	5.032000	0.885000	1474657130	42747454	4694749	1259949	28831788	0	
3.000000	blackscholes	1	921	38.000000	5.032000	0.887000	1471536029	42409144	4731297	1259310	28977506	0	
3.000000	blackscholes	1	921	38.000000	5.040000	0.927000	1466892371	42406811	4689168	1265438	28814217	0	
3.000000	blackscholes	1	1036	38.000000	5.040000	0.927000	1491093308	42277995	4759802	1278574	29226396	0	
3.000000	blackscholes	1	1036	38.000000	5.040000	0.967000	1489457443	42659626	4645118	1277585	28730570	0	
2.000000	blackscholes	1	1036	38.000000	5.040000	1.008000	1496863912	42517357	4672990	1273082	28845680	0	
3.000000	blackscholes	1	1132	38.000000	5.040000	0.927000	1490696541	42337893	4614018	1255698	28457714	0	
3.000000	blackscholes	1	1132	38.000000	5.040000	0.967000	1503625719	42198918	4644477	1280067	28765175	0	
3.000000	blackscholes	1	1132	38.000000	5.040000	0.927000	1502745274	42147608	4680732	1283031	28909544	0	
2.000000	blackscholes	1	1224	38.000000	5.040000	1.128000	1507195901	42145556	4570678	1263333	28352071	0	
3.000000	blackscholes	1	1224	38.000000	5.032000	1.086000	1510020259	42132482	4628301	1264301	28584477	0	
4.000000	blackscholes	1	1224	39.000000	5.032000	1.127000	1493967012	41772251	4604229	1271665	28574038	0	
2.000000	blackscholes	1	1428	39.000000	5.032000	1.408000	1532671493	41646844	4491790	1257416	27947535	0	
3.000000	blackscholes	1	1428	39.000000	5.032000	1.328000	1529685496	41654634	4516038	1284834	28264898	0	
3.000000	blackscholes	1	1428	39.000000	5.032000	1.408000	1538232785	42096548	4573644	1271403	28426339	0	
2.000000	blackscholes	1	1479	39.000000	5.032000	1.449000	1541341846	42027822	4485923	1247272	27883890	0	
3.000000	blackscholes	1	1479	39.000000	5.032000	1.449000	1544778340	41815799	4597794	1266267	28479955	0	
2.000000	blackscholes	1	1479	39.000000	5.024000	1.487000	1559751604	42170676	4625500	1288677	28725072	0	
14.000000	bodytrack	1	102	37.000000	5.072000	0.284000	1686127181	54230040	6770379	1489366	39114458	0	
14.000000	bodytrack	1	102	38.000000	5.064000	0.243000	1685477945	54163094	6906379	1488632	39709592	0	
20.000000	bodytrack	1	102	37.000000	5.064000	0.283000	1684742546	54009621	6983771	1483245	39919943	0	
7.000000	bodytrack	1	204	37.000000	5.064000	0.324000	1647602368	50078486	6373093	1461118	37312358	0	
8.000000	bodytrack	1	204	37.000000	5.064000	0.324000	1659451913	50433176	6370690	1460905	37273793	0	
8.000000	bodytrack	1	204	37.000000	5.064000	0.324000	1637717076	49827608	6237034	1488970	36996418	0	
6.000000	bodytrack	1	307	37.000000	5.064000	0.364000	1650361297	48713912	6026016	1455676	35877242	0	
5.000000	bodytrack	1	307	37.000000	5.064000	0.364000	1631670778	48333519	5940170	1438528	35443072	0	
6.000000	bodytrack	1	307	37.000000	5.064000	0.364000	1648575282	48806467	5992827	1456117	35819333	0	
4.000000	bodytrack	1	403	37.000000	5.064000	0.405000	1649092573	47622618	5719418	1425391	34462459	0	
5.000000	bodytrack	1	403	37.000000	5.064000	0.445000	1633279578	47425426	5503685	1413703	33579125	0	
5.000000	bodytrack	1	403	37.000000	5.064000	0.445000	1643874949	47672980	5829914	1428518	34968540	0	
4.000000	bodytrack	1	518	37.000000	5.064000	0.486000	1648161691	46942464	5470239	1394277	33241010	0	
4.000000	bodytrack	1	518	37.000000	5.064000	0.486000	1671423005	47271352	5761460	1460279	34916772	0	
4.000000	bodytrack	1	518	37.000000	5.064000	0.486000	1679095962	47715779	5703215	1451456	34585996	0	
3.000000	bodytrack	1	614	38.000000	5.064000	0.526000	1661839799	46888304	5475485	1429445	33622461	0	
3.000000	bodytrack	1	614	37.000000	5.056000	0.525000	1683984228	47099689	5573051	1437168	34117416	0	
4.000000	bodytrack	1	614	37.000000	5.056000	0.525000	1662455520	46111143	5414418	1416617	33240201	0	
3.000000	bodytrack	1	710	37.000000	5.056000	0.566000	1676930349	46185712	5356650	1404792	32886340	0	
4.000000	bodytrack	1	710	38.000000	5.056000	0.606000	1678874549	46486605	5444744	1423608	33386764	0	
3.000000	bodytrack	1	710	38.000000	5.056000	0.566000	1680109148	45907997	5410590	1421086	33259443	0	
3.000000	bodytrack	1	921	37.000000	5.040000	0.725000	1714547196	45845286	5327534	1417596	32894432	0	
3.000000	bodytrack	1	921	38.000000	5.048000	0.726000	1713367023	45915892	5290079	1400004	32573837	0	
3.000000	bodytrack	1	921	38.000000	5.056000	0.726000	1707959346	45616075	5211103	1390756	32290721	0	
3.000000	bodytrack	1	1036	38.000000	5.048000	0.848000	1729240683	45879300	5232367	1409720	32434980	0	
3.000000	bodytrack	1	1036	38.000000	5.048000	0.848000	1725120731	45530695	5175068	1402210	32166947	0	
3.000000	bodytrack	1	1036	38.000000	5.048000	0.848000	1716564248	45255411	5118324	1390219	31804799	0	
3.000000	bodytrack	1	1132	38.000000	5.048000	0.888000	1739609635	45854065	5222430	1422600	32529221	0	
3.000000	bodytrack	1	1132	38.000000	5.048000	0.888000	1746812641	46576854	5234800	1422295	32544114	0	
3.000000	bodytrack	1	1132	38.000000	5.048000	0.848000	1735119043	45621725	5129647	1412100	32028117	0	
2.000000	bodytrack	1	1224	38.000000	5.032000	0.967000	1748179241	45824391	5180853	1421966	32301977	0	
3.000000	bodytrack	1	1224	38.000000	5.048000	0.969000	1761342521	45417625	5143051	1421981	32110487	0	
2.000000	bodytrack	1	1224	38.000000	5.048000	0.969000	1740442920	44978003	5094850	1397336	31760226	0	
2.000000	bodytrack	1	1428	38.000000	5.040000	1.209000	1790529487	45283615	5138308	1428066	32166841	0	
3.000000	bodytrack	1	1428	38.000000	5.032000	1.207000	1772199897	45038304	5041062	1401379	31605540	0	
2.000000	bodytrack	1	1428	38.000000	5.032000	1.288000	1794724065	45789558	5133263	1419971	32118528	0	
2.000000	bodytrack	1	1479	39.000000	5.032000	1.328000	1776861393	45266973	5042363	1401805	31625259	0	
3.000000	bodytrack	1	1479	38.000000	5.032000	1.328000	1793621470	45122714	5081150	1417143	31903832	0	
2.000000	bodytrack	1	1479	39.000000	5.032000	1.328000	1782865850	45107452	5015853	1395394	31497365	0	
15.000000	dedup	1	102	38.000000	5.072000	0.284000	1477858500	51718445	6674015	1469586	38057177	0	
16.000000	dedup	1	102	37.000000	5.064000	0.283000	1449918791	50696679	6540605	1460593	37467502	0	
17.000000	dedup	1	102	37.000000	5.072000	0.243000	1441882632	50264209	6470429	1442743	37092051	0	
8.000000	dedup	1	204	37.000000	5.064000	0.364000	1441602088	47482270	6043661	1438614	35337901	0	
7.000000	dedup	1	204	37.000000	5.056000	0.364000	1406369131	46651814	5709108	1418528	33946024	0	
9.000000	dedup	1	204	37.000000	5.064000	0.364000	1422865153	47581867	6022569	1439456	35293361	0	
6.000000	dedup	1	307	37.000000	5.056000	0.485000	1413558133	45709923	5632576	1403556	33421486	0	
5.000000	dedup	1	307	37.000000	5.056000	0.485000	1423573018	45950260	5626029	1431939	33721960	0	
6.000000	dedup	1	307	37.000000	5.056000	0.485000	1408021522	45194412	5646291	1422280	33675926	0	
4.000000	dedup	1	403	37.000000	5.056000	0.525000	1425635440	45065852	5333427	1425602	32360231	0	
5.000000	dedup	1	403	37.000000	5.056000	0.525000	1419726998	45161699	5519139	1422142	33216110	0	
4.000000	dedup	1	403	37.000000	5.048000	0.525000	1411920111	44499586	5362385	1416789	32574849	0	
4.000000	dedup	1	518	38.000000	5.048000	0.605000	1425737981	43920965	5185315	1404335	31691024	0	
4.000000	dedup	1	518	37.000000	5.048000	0.605000	1423364364	44038580	5078772	1393344	31177431	0	
4.000000	dedup	1	518	37.000000	5.048000	0.605000	1436795716	44778187	5302437	1434906	32313546	0	
3.000000	dedup	1	614	37.000000	5.048000	0.686000	1439097298	43604018	5211691	1434370	31949627	0	
4.000000	dedup	1	614	37.000000	5.048000	0.686000	1448096080	43937086	5165281	1426176	31834514	0	
4.000000	dedup	1	614	37.000000	5.048000	0.686000	1428841511	43865559	5130880	1404822	31513200	0	
4.000000	dedup	1	710	37.000000	5.040000	0.806000	1447006210	43119690	4968528	1397669	30791950	0	
4.000000	dedup	1	710	38.000000	5.040000	0.766000	1460359834	43999994	5076616	1417960	31346428	0	
3.000000	dedup	1	710	38.000000	5.040000	0.725000	1459050661	43869741	5094973	1414655	31386670	0	
3.000000	dedup	1	921	38.000000	5.040000	0.846000	1491898118	43704907	4966263	1418509	30934904	0	
4.000000	dedup	1	921	38.000000	5.040000	0.887000	1484931005	43390299	4943157	1381101	30589898	0	
3.000000	dedup	1	921	38.000000	5.040000	0.766000	1498358969	43511435	5079712	1428230	31595389	0	
3.000000	dedup	1	1036	38.000000	5.024000	1.004000	1500345089	43088822	4819087	1390545	30074089	0	
3.000000	dedup	1	1036	38.000000	5.040000	0.887000	1495062799	42730276	4790282	1388235	29976836	0	
3.000000	dedup	1	1036	38.000000	5.040000	1.008000	1487499716	42976739	4849870	1416329	30381397	0	
3.000000	dedup	1	1132	38.000000	5.040000	1.008000	1515574231	43342019	4958157	1434191	30898616	0	
3.000000	dedup	1	1132	38.000000	5.040000	0.967000	1503435999	42805456	4866174	1420174	30465824	0	
3.000000	dedup	1	1132	38.000000	5.032000	0.967000	1507949247	43059863	4812846	1388481	30070923	0	
3.000000	dedup	1	1224	38.000000	5.040000	1.008000	1523801293	42850866	4889104	1410042	30556772	0	
3.000000	dedup	1	1224	38.000000	5.032000	1.167000	1514908309	42800992	4799463	1401919	30105351	0	
3.000000	dedup	1	1224	38.000000	5.032000	1.086000	1521996795	43331892	4780390	1388721	29989386	0	
3.000000	dedup	1	1428	38.000000	5.032000	1.328000	1563863795	43258773	4741526	1416908	30182573	0	
3.000000	dedup	1	1428	38.000000	5.032000	1.446000	1538047910	42497535	4762061	1411418	29984308	0	
2.000000	dedup	1	1428	38.000000	5.032000	1.288000	1549685678	42679858	4735585	1391392	29712444	0	
3.000000	dedup	1	1479	39.000000	5.024000	1.487000	1564836752	42716534	4786618	1421676	30115562	0	
2.000000	dedup	1	1479	39.000000	5.024000	1.527000	1568342857	42808299	4905894	1441356	30762160	0	
3.000000	dedup	1	1479	38.000000	5.024000	1.487000	1579672297	43056687	4858355	1433695	30536851	0	
15.000000	ferret	1	102	37.000000	5.064000	0.243000	1471771296	50454492	6152389	1356445	35409698	0	
17.000000	ferret	1	102	37.000000	5.072000	0.243000	1469551549	50430895	5987061	1361060	34658521	0	
16.000000	ferret	1	102	37.000000	5.072000	0.243000	1483139546	51004886	6156243	1388547	35518881	0	
7.000000	ferret	1	204	37.000000	5.064000	0.324000	1444948425	47207428	5670333	1344961	33301766	0	
6.000000	ferret	1	204	37.000000	5.072000	0.324000	1445882550	47544514	6318289	1404526	36332968	0	
7.000000	ferret	1	204	37.000000	5.064000	0.324000	1441242093	47345612	6043341	1366935	34967735	0	
5.000000	ferret	1	307	37.000000	5.064000	0.405000	1423485246	45482034	5251148	1332972	31563075	0	
5.000000	ferret	1	307	37.000000	5.064000	0.364000	1431051663	45757253	5535547	1335932	32739698	0	
5.000000	ferret	1	307	37.000000	5.072000	0.405000	1421188931	45014870	5382810	1333393	32140074	0	
4.000000	ferret	1	403	37.000000	5.072000	0.405000	1440845488	44790224	5331056	1323841	31819665	0	
4.000000	ferret	1	403	37.000000	5.064000	0.445000	1442321644	45045975	5302694	1316651	31707584	0	
5.000000	ferret	1	403	37.000000	5.072000	0.405000	1428118205	44450403	5387022	1339458	32172339	0	
4.000000	ferret	1	518	37.000000	5.072000	0.445000	1453216682	44671576	5195445	1338038	31532352	0	
3.000000	ferret	1	518	37.000000	5.072000	0.446000	1447769670	44608321	5190706	1316755	31190455	0	
4.000000	ferret	1	518	37.000000	5.072000	0.446000	1452788778	44308246	5104019	1318810	31077133	0	
4.000000	ferret	1	614	37.000000	5.072000	0.486000	1460057928	44285003	5103364	1328170	30955151	0	
3.000000	ferret	1	614	37.000000	5.072000	0.446000	1467972946	43740637	5076473	1326357	30819859	0	
4.000000	ferret	1	614	37.000000	5.072000	0.486000	1451903624	43934405	5085613	1323970	30931837	0	
4.000000	ferret	1	710	37.000000	5.064000	0.526000	1476268999	43538330	4991681	1318835	30497258	0	
3.000000	ferret	1	710	37.000000	5.064000	0.486000	1460590372	43388950	4877579	1289321	29825430	0	
3.000000	ferret	1	710	37.000000	5.064000	0.526000	1470871481	43614122	4983515	1319829	30577306	0	
3.000000	ferret	1	921	38.000000	5.064000	0.567000	1497543750	43426830	4852585	1306268	29872046	0	
3.000000	ferret	1	921	37.000000	5.064000	0.567000	1497636848	42896920	4861641	1305482	29792358	0	
3.000000	ferret	1	921	37.000000	5.064000	0.607000	1498836865	43379494	4864036	1315995	30002440	0	
3.000000	ferret	1	1036	37.000000	5.064000	0.648000	1523833810	42991681	4877679	1314543	29933624	0	
3.000000	ferret	1	1036	37.000000	5.056000	0.687000	1533009017	43130986	4839119	1310729	29768350	0	
3.000000	ferret	1	1036	37.000000	5.064000	0.648000	1512485578	43281362	4767205	1287263	29294599	0	
3.000000	ferret	1	1132	37.000000	5.064000	0.688000	1531364090	42886511	4827212	1306850	29741149	0	
3.000000	ferret	1	1132	37.000000	5.064000	0.648000	1526169609	43075417	4782880	1300576	29538324	0	
2.000000	ferret	1	1132	37.000000	5.064000	0.648000	1512031481	42438633	4639527	1309967	29093557	0	
3.000000	ferret	1	1224	37.000000	5.056000	0.728000	1532590687	42755005	4702589	1291920	29060317	0	
3.000000	ferret	1	1224	38.000000	5.056000	0.728000	1545980838	43159633	4839409	1313465	29759192	0	
3.000000	ferret	1	1224	38.000000	5.064000	0.728000	1535159357	43005427	4731220	1324763	29496292	0	
3.000000	ferret	1	1428	38.000000	5.056000	0.930000	1572658667	42949491	4743746	1316505	29453354	0	
3.000000	ferret	1	1428	37.000000	5.056000	0.930000	1566078012	42625672	4690378	1317382	29269442	0	
3.000000	ferret	1	1428	37.000000	5.056000	0.930000	1563938362	42565096	4690005	1311273	29241074	0	
3.000000	ferret	1	1479	38.000000	5.056000	0.970000	1564774548	42535364	4655602	1300579	28992475	0	
3.000000	ferret	1	1479	38.000000	5.056000	0.970000	1590999851	43102490	4761143	1322507	29534171	0	
3.000000	ferret	1	1479	37.000000	5.048000	1.009000	1574268431	42729841	4638624	1294736	28860182	0	
21.000000	fluidanimate	1	102	37.000000	5.064000	0.283000	1482861031	50688547	6351827	1382590	36482637	0	
20.000000	fluidanimate	1	102	37.000000	5.064000	0.243000	1497462149	51356784	6506658	1426361	37497860	0	
21.000000	fluidanimate	1	102	37.000000	5.072000	0.283000	1481730004	50802076	6501807	1389908	37159998	0	
7.000000	fluidanimate	1	204	37.000000	5.056000	0.364000	1456960892	47106524	5958545	1376002	34882024	0	
8.000000	fluidanimate	1	204	37.000000	5.064000	0.364000	1449655712	46952978	5718764	1383170	33931589	0	
8.000000	fluidanimate	1	204	37.000000	5.064000	0.364000	1473998454	47573866	5945328	1377442	34760405	0	
5.000000	fluidanimate	1	307	37.000000	5.064000	0.444000	1450326487	45662115	5475580	1349318	32740431	0	
5.000000	fluidanimate	1	307	37.000000	5.056000	0.445000	1456376762	45945028	5660726	1379171	33688116	0	
5.000000	fluidanimate	1	307	37.000000	5.056000	0.444000	1452506219	45616523	5636019	1375715	33495220	0	
4.000000	fluidanimate	1	403	37.000000	5.056000	0.525000	1461463169	44870069	5194591	1353396	31648457	0	
4.000000	fluidanimate	1	403	37.000000	5.056000	0.525000	1451907715	44777176	5475818	1376804	32969695	0	
5.000000	fluidanimate	1	403	37.000000	5.056000	0.525000	1469007097	45188556	5452469	1352485	32683995	0	
4.000000	fluidanimate	1	518	37.000000	5.048000	0.605000	1466853676	44406079	5247753	1357602	31929485	0	
4.000000	fluidanimate	1	518	37.000000	5.048000	0.566000	1461094502	43641241	5043042	1327424	30838922	0	
4.000000	fluidanimate	1	518	37.000000	5.048000	0.605000	1465774566	44095290	5176278	1350812	31573764	0	
3.000000	fluidanimate	1	614	37.000000	5.048000	0.646000	1477302697	43924935	5091644	1350459	31361238	0	
4.000000	fluidanimate	1	614	37.000000	5.048000	0.646000	1480271996	43953528	5126391	1353910	31408689	0	
3.000000	fluidanimate	1	614	37.000000	5.048000	0.646000	1476323066	43832098	5103506	1341001	31204541	0	
4.000000	fluidanimate	1	710	37.000000	5.048000	0.726000	1495991644	43813805	4992909	1363065	30903277	0	
4.000000	fluidanimate	1	710	37.000000	5.048000	0.686000	1501432683	43827704	5078343	1365604	31282164	0	
4.000000	fluidanimate	1	710	37.000000	5.048000	0.686000	1493103803	43869709	5045599	1351066	31084549	0	
3.000000	fluidanimate	1	921	37.000000	5.040000	0.848000	1516764528	43175552	4839735	1330409	30144507	0	
3.000000	fluidanimate	1	921	37.000000	5.048000	0.807000	1517943232	43159832	4833659	1324147	30075137	0	
3.000000	fluidanimate	1	921	37.000000	5.048000	0.807000	1507780522	42923413	4874977	1332704	30329963	0	
3.000000	fluidanimate	1	1036	38.000000	5.032000	0.927000	1538975059	43350151	4873644	1351682	30404437	0	
3.000000	fluidanimate	1	1036	38.000000	5.040000	0.887000	1539938550	43234789	4831587	1344679	30162927	0	
3.000000	fluidanimate	1	1036	38.000000	5.040000	0.927000	1552233490	43323361	4907513	1359750	30584916	0	
3.000000	fluidanimate	1	1132	38.000000	5.040000	0.927000	1548251774	42950896	4859458	1348284	30223248	0	
3.000000	fluidanimate	1	1132	37.000000	5.040000	0.967000	1555548254	43031467	4858343	1337243	30168986	0	
3.000000	fluidanimate	1	1132	38.000000	5.040000	0.967000	1541452913	42937875	4820593	1337520	30054994	0	
3.000000	fluidanimate	1	1224	38.000000	5.032000	1.086000	1551678526	42789682	4832324	1341629	30128925	0	
3.000000	fluidanimate	1	1224	38.000000	5.032000	1.127000	1564151868	42833147	4832934	1351113	30142919	0	
3.000000	fluidanimate	1	1224	38.000000	5.032000	1.086000	1562283109	43043885	4861455	1368874	30423442	0	
2.000000	fluidanimate	1	1428	39.000000	5.024000	1.487000	1591415249	43070786	4788273	1360937	30019460	0	
3.000000	fluidanimate	1	1428	39.000000	5.024000	1.406000	1598813225	42980391	4811566	1369232	30195009	0	
3.000000	fluidanimate	1	1428	39.000000	5.016000	1.524000	1590143553	43435364	4785461	1347069	29900967	0	
3.000000	fluidanimate	1	1479	38.000000	5.024000	1.366000	1595512371	42812342	4728828	1343729	29725386	0	
2.000000	fluidanimate	1	1479	39.000000	5.016000	1.605000	1585836852	42509981	4700083	1335513	29543872	0	
2.000000	fluidanimate	1	1479	39.000000	5.016000	1.605000	1592045869	42511712	4739269	1324562	29599846	0	
21.000000	freqmine	1	102	37.000000	5.064000	0.243000	1467360296	50403832	6181587	1366759	35627694	0	
13.000000	freqmine	1	102	37.000000	5.064000	0.243000	1481877550	51178053	6583349	1416842	37568007	0	
25.000000	freqmine	1	102	37.000000	5.072000	0.243000	1476995490	51108285	6552004	1402024	37247510	0	
7.000000	freqmine	1	204	37.000000	5.064000	0.324000	1436345696	47301949	5858848	1352556	34233971	0	
7.000000	freqmine	1	204	37.000000	5.064000	0.364000	1433875434	47195673	5642749	1355170	33355804	0	
10.000000	freqmine	1	204	37.000000	5.064000	0.364000	1429038605	47125502	5928529	1374321	34683020	0	
6.000000	freqmine	1	307	37.000000	5.056000	0.444000	1433008897	45766335	5454475	1335889	32416156	0	
5.000000	freqmine	1	307	37.000000	5.056000	0.444000	1420134500	45313907	5556283	1340303	32995388	0	
5.000000	freqmine	1	307	37.000000	5.056000	0.444000	1427711388	45368291	5507607	1327339	32661309	0	
4.000000	freqmine	1	403	37.000000	5.056000	0.485000	1437860180	44904107	5214238	1332192	31447183	0	
5.000000	freqmine	1	403	37.000000	5.056000	0.485000	1441797438	44514165	5306709	1335742	31908037	0	
5.000000	freqmine	1	403	37.000000	5.056000	0.525000	1433862610	44557609	5332360	1360174	32210909	0	
3.000000	freqmine	1	518	37.000000	5.048000	0.605000	1434631895	43471816	5074774	1327056	30958300	0	
3.000000	freqmine	1	518	37.000000	5.048000	0.565000	1435181790	43523282	4944950	1306105	30281661	0	
4.000000	freqmine	1	518	37.000000	5.048000	0.565000	1446912386	43815754	5128765	1324164	31140111	0	
3.000000	freqmine	1	614	37.000000	5.048000	0.646000	1454975111	43491612	5049958	1324506	30809179	0	
3.000000	freqmine	1	614	37.000000	5.048000	0.646000	1458647198	43684613	5075656	1321904	30930484	0	
3.000000	freqmine	1	614	37.000000	5.048000	0.605000	1456081765	43574733	5038608	1313369	30689868	0	
4.000000	freqmine	1	710	37.000000	5.040000	0.726000	1469074981	43359246	4928029	1334829	30393054	0	
3.000000	freqmine	1	710	38.000000	5.048000	0.726000	1468690948	43235916	4990653	1300301	30400863	0	
3.000000	freqmine	1	710	37.000000	5.048000	0.686000	1474414579	43358221	5035043	1331167	30788410	0	
3.000000	freqmine	1	921	37.000000	5.040000	0.846000	1501955910	42862558	4836500	1316068	29931154	0	
3.000000	freqmine	1	921	37.000000	5.040000	0.807000	1491705891	42953413	4882350	1323887	30195107	0	
3.000000	freqmine	1	921	37.000000	5.040000	0.887000	1511657880	43117789	4805505	1304169	29704827	0	
3.000000	freqmine	1	1036	37.000000	5.040000	0.927000	1523659025	42713741	4788628	1334670	29818774	0	
3.000000	freqmine	1	1036	38.000000	5.040000	0.887000	1513322758	42940270	4727964	1319357	29541193	0	
3.000000	freqmine	1	1036	38.000000	5.040000	0.846000	1529568606	43026485	4823768	1337798	30137168	0	
2.000000	freqmine	1	1132	38.000000	5.040000	0.967000	1514740283	42531215	4767969	1307079	29590550	0	
3.000000	freqmine	1	1132	38.000000	5.040000	0.846000	1532141450	42760500	4800840	1314013	29670283	0	
2.000000	freqmine	1	1132	38.000000	5.040000	0.967000	1523758133	42809095	4826802	1328625	30013836	0	
3.000000	freqmine	1	1224	38.000000	5.032000	1.046000	1530108597	42452640	4795652	1321070	29713820	0	
3.000000	freqmine	1	1224	38.000000	5.032000	1.086000	1536184805	42907723	4786025	1311509	29652879	0	
3.000000	freqmine	1	1224	37.000000	5.032000	1.086000	1540398826	42667575	4816399	1327054	29875683	0	
3.000000	freqmine	1	1428	38.000000	5.032000	1.328000	1585711930	42842474	4699737	1306734	29193068	0	
4.000000	freqmine	1	1428	38.000000	5.024000	1.446000	1569260598	42743519	4732790	1340506	29639346	0	
4.000000	freqmine	1	1428	38.000000	5.032000	1.288000	1564335755	42576531	4668253	1327494	29356442	0	
3.000000	freqmine	1	1479	39.000000	5.024000	1.487000	1576518942	42611447	4683967	1318476	29232556	0	
4.000000	freqmine	1	1479	38.000000	5.024000	1.527000	1571069270	42544580	4756352	1339992	29825487	0	
3.000000	freqmine	1	1479	38.000000	5.024000	1.487000	1559732444	42342486	4645099	1307691	29032906	0	
15.000000	streamcluster	1	102	37.000000	5.064000	0.283000	1440022870	50034212	6032616	1334627	34605334	0	
18.000000	streamcluster	1	102	37.000000	5.072000	0.284000	1438517180	49720020	6386871	1365670	36296639	0	
18.000000	streamcluster	1	102	37.000000	5.072000	0.284000	1444381195	50086559	6377910	1359791	36222574	0	
8.000000	streamcluster	1	204	37.000000	5.056000	0.404000	1394639587	45897106	5778519	1322759	33593054	0	
9.000000	streamcluster	1	204	37.000000	5.056000	0.404000	1400638253	45661044	5535136	1295500	32319735	0	
7.000000	streamcluster	1	204	37.000000	5.056000	0.404000	1412779619	46382114	5741052	1321831	33355191	0	
5.000000	streamcluster	1	307	37.000000	5.056000	0.485000	1396234822	44404550	5333381	1292360	31535792	0	
6.000000	streamcluster	1	307	37.000000	5.056000	0.485000	1391760069	44442887	5368249	1296542	31715044	0	
6.000000	streamcluster	1	307	37.000000	5.056000	0.444000	1400147609	44284933	5393445	1302021	31828285	0	
5.000000	streamcluster	1	403	37.000000	5.056000	0.525000	1404875469	43489522	5041214	1292019	30397186	0	
5.000000	streamcluster	1	403	37.000000	5.048000	0.525000	1405841378	43713208	5103207	1278369	30566199	0	
5.000000	streamcluster	1	403	37.000000	5.056000	0.525000	1395188213	43554530	5090824	1290236	30610337	0	
7.000000	streamcluster	1	518	37.000000	5.048000	0.605000	1413104290	43431452	5059825	1284259	30439084	0	
3.000000	streamcluster	1	518	37.000000	5.048000	0.605000	1395357607	42441964	4807369	1249465	29192274	0	
4.000000	streamcluster	1	518	37.000000	5.048000	0.605000	1415702596	43275905	5064982	1293727	30519699	0	
4.000000	streamcluster	1	614	37.000000	5.048000	0.646000	1416520082	42681312	4883881	1266440	29660711	0	
5.000000	streamcluster	1	614	37.000000	5.048000	0.646000	1419991381	42591714	4959191	1282547	30061093	0	
4.000000	streamcluster	1	614	37.000000	5.048000	0.686000	1440027773	42803047	4970854	1281077	30103708	0	
3.000000	streamcluster	1	710	37.000000	5.040000	0.766000	1438469655	42444939	4765366	1271486	29176497	0	
3.000000	streamcluster	1	710	37.000000	5.048000	0.767000	1423927773	41980155	4784163	1260471	29217381	0	
3.000000	streamcluster	1	710	37.000000	5.048000	0.686000	1435098041	42860951	4873934	1280760	29689359	0	
3.000000	streamcluster	1	921	37.000000	5.048000	0.888000	1457534067	41907188	4704867	1271448	28936395	0	
3.000000	streamcluster	1	921	37.000000	5.040000	0.846000	1458692427	41842015	4709924	1265669	28928979	0	
3.000000	streamcluster	1	921	37.000000	5.040000	0.887000	1483838458	42481214	4806755	1273810	29365225	0	
3.000000	streamcluster	1	1036	37.000000	5.040000	0.927000	1478756548	41829749	4671901	1273211	28749194	0	
4.000000	streamcluster	1	1036	37.000000	5.048000	0.928000	1466370512	41758715	4569902	1262589	28321918	0	
3.000000	streamcluster	1	1036	37.000000	5.048000	0.927000	1471512257	41659732	4537907	1245446	28182751	0	
3.000000	streamcluster	1	1132	37.000000	5.040000	0.927000	1479833906	41760407	4562521	1236051	28093840	0	
3.000000	streamcluster	1	1132	37.000000	5.048000	0.969000	1479123441	41495896	4577007	1244875	28200964	0	
3.000000	streamcluster	1	1132	37.000000	5.048000	0.928000	1476087333	41704562	4534238	1253241	28158558	0	
3.000000	streamcluster	1	1224	38.000000	5.040000	1.048000	1482741802	41291333	4548369	1252398	28213768	0	
3.000000	streamcluster	1	1224	37.000000	5.040000	1.048000	1499387075	41775648	4562967	1258914	28258949	0	
3.000000	streamcluster	1	1224	38.000000	5.040000	1.048000	1495814986	41937426	4626310	1279447	28705772	0	
3.000000	streamcluster	1	1428	38.000000	5.040000	1.288000	1519511909	41498370	4468634	1272399	28051581	0	
3.000000	streamcluster	1	1428	38.000000	5.040000	1.330000	1524012629	41398819	4505367	1269467	28100666	0	
2.000000	streamcluster	1	1428	38.000000	5.040000	1.209000	1533712814	41639057	4500585	1269485	28150412	0	
3.000000	streamcluster	1	1479	38.000000	5.032000	1.368000	1527930659	41461207	4440175	1247389	27657834	0	
3.000000	streamcluster	1	1479	38.000000	5.032000	1.368000	1538226722	41610020	4556626	1268343	28290606	0	
3.000000	streamcluster	1	1479	38.000000	5.032000	1.408000	1533805435	41371691	4524167	1268780	28221323	0	
16.000000	vips	1	102	37.000000	5.072000	0.243000	1606195915	53486337	6436721	1435726	36851630	0	
17.000000	vips	1	102	37.000000	5.072000	0.243000	1604729076	53716822	6572711	1440572	37413365	0	
19.000000	vips	1	102	36.000000	5.064000	0.283000	1595689908	53460082	6601311	1453199	37636722	0	
6.000000	vips	1	204	37.000000	5.072000	0.324000	1572890217	49967809	5935204	1361598	34476727	0	
7.000000	vips	1	204	36.000000	5.064000	0.324000	1563865394	49791277	5598714	1371327	33051358	0	
7.000000	vips	1	204	36.000000	5.064000	0.324000	1567621202	50248638	6075811	1392383	35121285	0	
6.000000	vips	1	307	36.000000	5.064000	0.364000	1564943810	48420388	5411826	1348483	32220548	0	
5.000000	vips	1	307	36.000000	5.064000	0.405000	1567147064	48705584	5612531	1363007	33063906	0	
5.000000	vips	1	307	37.000000	5.072000	0.365000	1561618974	48244526	5561106	1352020	32794940	0	
4.000000	vips	1	403	36.000000	5.072000	0.405000	1566460395	47417741	5371599	1355797	32194472	0	
5.000000	vips	1	403	36.000000	5.064000	0.445000	1566506573	47886576	5447846	1351231	32443060	0	
4.000000	vips	1	403	37.000000	5.064000	0.445000	1567721439	47608424	5368740	1343696	32076533	0	
3.000000	vips	1	518	37.000000	5.064000	0.486000	1576455970	46716378	5252607	1333249	31497213	0	
4.000000	vips	1	518	37.000000	5.064000	0.486000	1571068558	46971510	5203155	1341379	31439735	0	
4.000000	vips	1	518	37.000000	5.072000	0.486000	1577750845	47058327	5390966	1389147	32460827	0	
3.000000	vips	1	614	37.000000	5.064000	0.526000	1605972432	46725948	5098340	1365041	31138583	0	
4.000000	vips	1	614	37.000000	5.064000	0.526000	1588909359	46411918	5116142	1341332	31077823	0	
4.000000	vips	1	614	37.000000	5.064000	0.486000	1585991528	46349143	5172632	1356673	31326531	0	
3.000000	vips	1	710	37.000000	5.064000	0.607000	1601398122	46518026	5134285	1327514	31030662	0	
3.000000	vips	1	710	37.000000	5.064000	0.567000	1598399902	46466259	5140726	1348030	31200412	0	
3.000000	vips	1	710	36.000000	5.064000	0.567000	1603179320	46088265	4964514	1337588	30407141	0	
3.000000	vips	1	921	37.000000	5.064000	0.648000	1627178564	45771870	4910498	1322111	30073966	0	
3.000000	vips	1	921	37.000000	5.064000	0.687000	1630075309	45778889	4916776	1334384	30257831	0	
4.000000	vips	1	921	37.000000	5.056000	0.647000	1626126939	45567739	4804271	1319297	29645372	0	
3.000000	vips	1	1036	37.000000	5.056000	0.768000	1635288806	45403807	4892185	1331036	29991335	0	
3.000000	vips	1	1036	37.000000	5.056000	0.728000	1646664636	45909344	4888873	1321507	29970673	0	
3.000000	vips	1	1036	37.000000	5.064000	0.728000	1644727997	45876494	4932517	1335080	30300946	0	
2.000000	vips	1	1132	37.000000	5.056000	0.768000	1640679838	45416825	4745059	1331702	29446483	0	
3.000000	vips	1	1132	37.000000	5.056000	0.728000	1649042874	46152927	4764311	1327381	29521994	0	
2.000000	vips	1	1132	37.000000	5.056000	0.768000	1658224300	46093059	4887363	1348458	30165507	0	
3.000000	vips	1	1224	37.000000	5.056000	0.889000	1663317373	45485514	4769224	1327334	29513006	0	
3.000000	vips	1	1224	37.000000	5.056000	0.889000	1658520607	45199116	4789799	1345586	29696979	0	
3.000000	vips	1	1224	37.000000	5.056000	0.889000	1661790166	45573637	4821067	1355695	29913915	0	
3.000000	vips	1	1428	38.000000	5.048000	1.130000	1688541076	45319663	4733170	1338850	29485062	0	
2.000000	vips	1	1428	37.000000	5.048000	1.130000	1688971726	45192156	4774565	1346908	29723492	0	
3.000000	vips	1	1428	38.000000	5.048000	1.171000	1692050226	45545399	4751743	1353040	29669817	0	
2.000000	vips	1	1479	39.000000	5.048000	1.211000	1695974979	45303987	4755191	1338073	29616488	0	
2.000000	vips	1	1479	39.000000	5.040000	1.249000	1696675620	45485183	4762999	1348937	29600052	0	
3.000000	vips	1	1479	38.000000	5.048000	1.211000	1711493519	45673236	4722583	1348423	29548611	0	
17.000000	x264	1	102	37.000000	5.072000	0.243000	1449935050	50512223	6301297	1366489	35923889	0	
21.000000	x264	1	102	36.000000	5.072000	0.243000	1436328796	49814115	5982916	1340118	34498138	0	
21.000000	x264	1	102	37.000000	5.072000	0.243000	1441886121	49794241	6029139	1360075	34817117	0	
6.000000	x264	1	204	36.000000	5.072000	0.324000	1400595772	45910968	5587276	1307245	32695088	0	
8.000000	x264	1	204	36.000000	5.072000	0.324000	1415209561	46722099	5832452	1340603	33887279	0	
7.000000	x264	1	204	36.000000	5.072000	0.324000	1411084639	46809378	5808999	1329019	33755133	0	
6.000000	x264	1	307	37.000000	5.064000	0.364000	1395509126	44455934	5120658	1294636	30740128	0	
8.000000	x264	1	307	36.000000	5.072000	0.405000	1412593906	45339512	5480594	1311813	32251014	0	
5.000000	x264	1	307	36.000000	5.072000	0.365000	1414673987	45180519	5344928	1328646	31859523	0	
5.000000	x264	1	403	36.000000	5.064000	0.405000	1413357665	44610982	5248818	1304194	31303966	0	
6.000000	x264	1	403	36.000000	5.072000	0.405000	1413510597	44659563	5259026	1307561	31365027	0	
6.000000	x264	1	403	36.000000	5.064000	0.405000	1413097802	44507812	5204583	1297508	31074583	0	
4.000000	x264	1	518	36.000000	5.072000	0.446000	1412477037	43366864	5123547	1293866	30733396	0	
4.000000	x264	1	518	37.000000	5.072000	0.446000	1419030557	43319250	4891232	1297634	29796844	0	
4.000000	x264	1	518	36.000000	5.072000	0.446000	1414573101	43617798	5080379	1294894	30604460	0	
4.000000	x264	1	614	37.000000	5.072000	0.486000	1428862996	42979285	4959228	1297261	30142136	0	
4.000000	x264	1	614	37.000000	5.072000	0.486000	1432741396	43803251	5070857	1315949	30772439	0	
3.000000	x264	1	614	36.000000	5.072000	0.486000	1443365891	43637272	4935585	1292454	29994194	0	
4.000000	x264	1	710	36.000000	5.064000	0.526000	1450661507	42962506	4924818	1297762	29987886	0	
3.000000	x264	1	710	36.000000	5.072000	0.486000	1438840998	42740815	4820933	1273938	29392457	0	
3.000000	x264	1	710	36.000000	5.064000	0.526000	1445975810	43007489	4779117	1280358	29291412	0	
3.000000	x264	1	921	36.000000	5.064000	0.567000	1480705029	42857037	4893717	1316103	30052917	0	
3.000000	x264	1	921	37.000000	5.064000	0.607000	1471562545	42337341	4746010	1275839	29090530	0	
3.000000	x264	1	921	37.000000	5.064000	0.607000	1460762642	42314332	4706067	1268933	28932173	0	
4.000000	x264	1	1036	37.000000	5.064000	0.607000	1478464280	42132167	4715790	1276020	29008556	0	
3.000000	x264	1	1036	37.000000	5.064000	0.648000	1476968430	41992350	4684646	1261433	28819247	0	
3.000000	x264	1	1036	37.000000	5.064000	0.648000	1487829026	42416166	4674028	1283488	28942399	0	
3.000000	x264	1	1132	37.000000	5.056000	0.728000	1499162982	42607617	4752700	1282809	29200948	0	
2.000000	x264	1	1132	37.000000	5.064000	0.648000	1505562642	42408148	4731195	1276952	29043271	0	
2.000000	x264	1	1132	37.000000	5.064000	0.648000	1498646451	42746348	4640903	1281397	28760875	0	
3.000000	x264	1	1224	37.000000	5.064000	0.729000	1515436789	42529432	4676591	1279809	28891128	0	
2.000000	x264	1	1224	37.000000	5.056000	0.768000	1495815617	41778118	4564872	1266645	28342497	0	
2.000000	x264	1	1224	37.000000	5.056000	0.728000	1508943903	42263531	4660357	1287014	28889367	0	
3.000000	x264	1	1428	38.000000	5.056000	0.930000	1531813515	42101592	4536943	1267569	28206284	0	
3.000000	x264	1	1428	38.000000	5.056000	0.930000	1534225094	41856421	4563748	1277557	28407913	0	
3.000000	x264	1	1428	38.000000	5.056000	0.930000	1530558986	41961649	4571047	1268794	28447979	0	
3.000000	x264	1	1479	37.000000	5.048000	1.049000	1545747156	41791387	4717414	1277171	29054557	0	
3.000000	x264	1	1479	37.000000	5.056000	0.969000	1550745755	42247285	4608259	1302274	28731328	0	
2.000000	x264	1	1479	38.000000	5.056000	0.970000	1532335990	41710815	4558392	1263425	28352965	0	
