Run Duration (ms)	Benchmark	Run(#)	CPU Frequency (MHz)	CPU Temperature(C)	Voltage[V]	Power[W]	CPU_CYCLES	BUS_ACCESS_LD	BUS_ACCESS_ST	BUS_ACCESS_SHARED	BUS_ACCESS_NOT_SHARED	BUS_ACCESS_NORMAL
16.000000	blackscholes	1	102	35.000000	5.072000	0.243000	1454126557	26175386	10844600	0	37019986	36990429	
14.000000	blackscholes	1	102	35.000000	5.072000	0.243000	1453697308	26000797	10780291	0	36781088	36749714	
36.000000	blackscholes	1	102	35.000000	5.072000	0.284000	1443582534	25501078	10447095	0	35948173	35916850	
6.000000	blackscholes	1	204	35.000000	5.056000	0.364000	1406001480	23079158	10372352	0	33451510	33435033	
8.000000	blackscholes	1	204	36.000000	5.056000	0.364000	1406434134	22053256	10262277	0	32315533	32299213	
8.000000	blackscholes	1	204	35.000000	5.056000	0.404000	1413335319	23427092	10449301	0	33876393	33860571	
6.000000	blackscholes	1	307	36.000000	5.048000	0.484000	1395929449	21268059	10267846	0	31535905	31525404	
4.000000	blackscholes	1	307	35.000000	5.056000	0.485000	1396165424	21685583	10265621	0	31951204	31940817	
6.000000	blackscholes	1	307	35.000000	5.056000	0.485000	1411720208	21652391	10227991	0	31880382	31869002	
4.000000	blackscholes	1	403	35.000000	5.056000	0.524000	1418703024	20426184	10237127	0	30663311	30654355	
6.000000	blackscholes	1	403	36.000000	5.048000	0.524000	1401252142	20815619	10305723	0	31121342	31112810	
4.000000	blackscholes	1	403	35.000000	5.056000	0.525000	1411935339	20868767	10145686	0	31014453	31005688	
2.000000	blackscholes	1	518	36.000000	5.048000	0.605000	1422027875	20624726	10317391	0	30942117	30935143	
4.000000	blackscholes	1	518	36.000000	5.048000	0.605000	1434815644	19866704	10246032	0	30112736	30105993	
4.000000	blackscholes	1	518	36.000000	5.048000	0.605000	1420784798	20175572	10309184	0	30484756	30477453	
2.000000	blackscholes	1	614	36.000000	5.048000	0.686000	1434026244	19917817	10357846	0	30275663	30269813	
2.000000	blackscholes	1	614	36.000000	5.048000	0.646000	1440427321	20008468	10238840	0	30247308	30240875	
4.000000	blackscholes	1	614	36.000000	5.048000	0.686000	1433690858	20162741	10287749	0	30450490	30444797	
2.000000	blackscholes	1	710	36.000000	5.048000	0.767000	1437340843	19420480	10185199	0	29605679	29599825	
4.000000	blackscholes	1	710	36.000000	5.048000	0.726000	1441332797	19490995	10120330	0	29611325	29606083	
2.000000	blackscholes	1	710	36.000000	5.048000	0.767000	1430780692	19391540	10068295	0	29459835	29453952	
4.000000	blackscholes	1	921	36.000000	5.040000	0.887000	1470066650	18946486	10170488	0	29116974	29112913	
2.000000	blackscholes	1	921	36.000000	5.040000	0.887000	1476044555	19299738	10130908	0	29430646	29426381	
2.000000	blackscholes	1	921	36.000000	5.040000	0.887000	1488282086	19280675	10290987	0	29571662	29567540	
4.000000	blackscholes	1	1036	36.000000	5.048000	0.967000	1479830848	18678875	10020711	0	28699586	28695637	
2.000000	blackscholes	1	1036	36.000000	5.040000	0.927000	1482543411	18569666	10026852	0	28596518	28592795	
4.000000	blackscholes	1	1036	36.000000	5.040000	0.927000	1499946235	18759502	10134027	0	28893529	28889407	
4.000000	blackscholes	1	1132	36.000000	5.040000	1.008000	1504707775	19079127	10338457	0	29417584	29413570	
2.000000	blackscholes	1	1132	36.000000	5.040000	0.887000	1501904941	18799896	10178970	0	28978866	28974560	
2.000000	blackscholes	1	1132	36.000000	5.040000	0.927000	1488490905	18906806	10134725	0	29041531	29037313	
4.000000	blackscholes	1	1224	36.000000	5.040000	1.088000	1505162965	18491505	10124162	0	28615667	28612008	
2.000000	blackscholes	1	1224	36.000000	5.040000	1.088000	1500745966	18299176	9981327	0	28280503	28277077	
4.000000	blackscholes	1	1224	36.000000	5.040000	1.128000	1496934607	18110105	9930289	0	28040394	28036569	
2.000000	blackscholes	1	1428	36.000000	5.032000	1.328000	1537534158	18248168	10058791	0	28306959	28303890	
2.000000	blackscholes	1	1428	36.000000	5.032000	1.368000	1527292454	17939697	9914442	0	27854139	27850953	
4.000000	blackscholes	1	1428	37.000000	5.032000	1.326000	1557104876	18466111	10146860	0	28612971	28609469	
2.000000	blackscholes	1	1479	37.000000	5.024000	1.449000	1535587764	18391327	10093124	0	28484451	28481150	
4.000000	blackscholes	1	1479	37.000000	5.032000	1.408000	1545304422	18652653	10144707	0	28797360	28794091	
2.000000	blackscholes	1	1479	37.000000	5.032000	1.449000	1550611642	18481087	10177534	0	28658621	28655457	
14.000000	bodytrack	1	102	35.000000	5.072000	0.243000	1704124592	27175071	11987558	0	39162629	39126152	
18.000000	bodytrack	1	102	35.000000	5.064000	0.243000	1685971191	27468231	11968555	0	39436786	39400568	
22.000000	bodytrack	1	102	35.000000	5.072000	0.243000	1684345828	27696957	12054656	0	39751613	39714178	
8.000000	bodytrack	1	204	35.000000	5.064000	0.324000	1648598654	25874576	11795254	0	37669830	37651068	
8.000000	bodytrack	1	204	35.000000	5.072000	0.324000	1651089953	26033607	11772626	0	37806233	37786044	
8.000000	bodytrack	1	204	35.000000	5.072000	0.324000	1649031811	24786250	11827500	0	36613750	36593862	
6.000000	bodytrack	1	307	36.000000	5.064000	0.364000	1647070300	24010987	11818582	0	35829569	35816667	
4.000000	bodytrack	1	307	35.000000	5.064000	0.364000	1644830177	24252546	11866209	0	36118755	36104609	
6.000000	bodytrack	1	307	35.000000	5.064000	0.364000	1662408145	24350677	11737976	0	36088653	36075862	
4.000000	bodytrack	1	403	35.000000	5.064000	0.445000	1659454927	23641170	11820426	0	35461596	35450932	
4.000000	bodytrack	1	403	35.000000	5.064000	0.445000	1638161013	21915378	11516202	0	33431580	33422506	
4.000000	bodytrack	1	403	35.000000	5.064000	0.405000	1644630466	23195685	11727280	0	34922965	34913259	
6.000000	bodytrack	1	518	35.000000	5.064000	0.486000	1659214878	22246053	11427849	0	33673902	33665883	
4.000000	bodytrack	1	518	35.000000	5.064000	0.486000	1660631755	22759003	11580302	0	34339305	34331162	
6.000000	bodytrack	1	518	36.000000	5.064000	0.486000	1654433543	22512769	11497905	0	34010674	34002871	
4.000000	bodytrack	1	614	35.000000	5.064000	0.526000	1689438533	22151841	11818599	0	33970440	33963392	
2.000000	bodytrack	1	614	35.000000	5.064000	0.526000	1670720774	22385567	11637383	0	34022950	34015746	
2.000000	bodytrack	1	614	35.000000	5.064000	0.526000	1662004406	21768349	11502381	0	33270730	33263773	
4.000000	bodytrack	1	710	35.000000	5.056000	0.606000	1682324289	21406745	11460774	0	32867519	32861469	
4.000000	bodytrack	1	710	35.000000	5.056000	0.566000	1671732190	21618829	11538410	0	33157239	33150911	
2.000000	bodytrack	1	710	35.000000	5.056000	0.566000	1701826012	21970375	11662364	0	33632739	33626365	
2.000000	bodytrack	1	921	36.000000	5.056000	0.728000	1710796756	20895431	11530054	0	32425485	32420183	
4.000000	bodytrack	1	921	36.000000	5.048000	0.728000	1713644305	21162338	11594224	0	32756562	32751043	
4.000000	bodytrack	1	921	36.000000	5.048000	0.726000	1712954091	21337074	11626196	0	32963270	32958063	
2.000000	bodytrack	1	1036	36.000000	5.048000	0.848000	1731824599	20912452	11435591	0	32348043	32343240	
4.000000	bodytrack	1	1036	36.000000	5.048000	0.807000	1739620697	20923567	11477447	0	32401014	32396164	
4.000000	bodytrack	1	1036	36.000000	5.048000	0.848000	1719611397	20832927	11427352	0	32260279	32255366	
4.000000	bodytrack	1	1132	36.000000	5.048000	0.848000	1731395955	20978563	11492107	0	32470670	32465812	
2.000000	bodytrack	1	1132	36.000000	5.048000	0.848000	1743897330	20573130	11332466	0	31905596	31900859	
4.000000	bodytrack	1	1132	36.000000	5.048000	0.848000	1725618775	20711890	11507141	0	32219031	32214557	
4.000000	bodytrack	1	1224	36.000000	5.048000	0.969000	1753782102	20784775	11602815	0	32387590	32382831	
2.000000	bodytrack	1	1224	36.000000	5.048000	0.969000	1738964366	20570872	11392033	0	31962905	31958729	
2.000000	bodytrack	1	1224	36.000000	5.048000	0.969000	1745954905	20717227	11531789	0	32249016	32244632	
4.000000	bodytrack	1	1428	36.000000	5.040000	1.209000	1784739082	20350589	11491494	0	31842083	31838061	
2.000000	bodytrack	1	1428	37.000000	5.032000	1.207000	1772352240	20267536	11582909	0	31850445	31846212	
2.000000	bodytrack	1	1428	36.000000	5.032000	1.247000	1788441329	20696253	11695682	0	32391935	32387579	
4.000000	bodytrack	1	1479	36.000000	5.032000	1.288000	1775936804	20205621	11406268	0	31611889	31608042	
2.000000	bodytrack	1	1479	37.000000	5.032000	1.328000	1787663004	20294549	11424488	0	31719037	31715104	
2.000000	bodytrack	1	1479	37.000000	5.032000	1.288000	1787146566	20401436	11398738	0	31800174	31795734	
18.000000	dedup	1	102	35.000000	5.064000	0.243000	1464791088	26724943	11627973	0	38352916	38320861	
16.000000	dedup	1	102	35.000000	5.064000	0.243000	1458068739	26735015	11354304	0	38089319	38058908	
14.000000	dedup	1	102	35.000000	5.072000	0.243000	1450834638	26295162	11139668	0	37434830	37402819	
8.000000	dedup	1	204	35.000000	5.064000	0.364000	1434698366	24069410	11205435	0	35274845	35258175	
8.000000	dedup	1	204	35.000000	5.056000	0.364000	1414443109	22728853	10887221	0	33616074	33600191	
12.000000	dedup	1	204	35.000000	5.064000	0.405000	1416485420	24174251	11236613	0	35410864	35394272	
6.000000	dedup	1	307	35.000000	5.056000	0.444000	1424891374	22325741	11080703	0	33406444	33394564	
6.000000	dedup	1	307	35.000000	5.056000	0.444000	1429669514	22585469	11030322	0	33615791	33605025	
6.000000	dedup	1	307	35.000000	5.056000	0.444000	1416871567	22809337	11238878	0	34048215	34037271	
6.000000	dedup	1	403	35.000000	5.056000	0.525000	1420808103	21344329	11199373	0	32543702	32534777	
6.000000	dedup	1	403	35.000000	5.056000	0.525000	1419072891	21528802	10972267	0	32501069	32492123	
4.000000	dedup	1	403	35.000000	5.056000	0.525000	1413172088	21713612	11108939	0	32822551	32814036	
4.000000	dedup	1	518	35.000000	5.048000	0.605000	1428456337	21025634	11010278	0	32035912	32028630	
6.000000	dedup	1	518	35.000000	5.048000	0.605000	1420030613	20278158	10947431	0	31225589	31218819	
4.000000	dedup	1	518	36.000000	5.048000	0.605000	1439006715	21148108	10947239	0	32095347	32088256	
2.000000	dedup	1	614	36.000000	5.048000	0.686000	1437428522	20303225	10904652	0	31207877	31201770	
4.000000	dedup	1	614	35.000000	5.048000	0.646000	1444030571	20783952	11014291	0	31798243	31791832	
4.000000	dedup	1	614	36.000000	5.048000	0.686000	1449015815	20656697	10817362	0	31474059	31467590	
4.000000	dedup	1	710	36.000000	5.048000	0.686000	1444999485	20047660	10748201	0	30795861	30790619	
4.000000	dedup	1	710	36.000000	5.048000	0.726000	1463972619	20537035	11082143	0	31619178	31613966	
4.000000	dedup	1	710	35.000000	5.048000	0.726000	1466593469	20685700	11054354	0	31740054	31734181	
4.000000	dedup	1	921	36.000000	5.040000	0.846000	1485266499	19672974	10849028	0	30522002	30517287	
2.000000	dedup	1	921	36.000000	5.040000	0.887000	1487001473	20144048	11265106	0	31409154	31404607	
4.000000	dedup	1	921	35.000000	5.040000	0.846000	1496328773	20140082	10894984	0	31035066	31030059	
2.000000	dedup	1	1036	36.000000	5.040000	0.927000	1501248079	19736325	10770819	0	30507144	30503178	
2.000000	dedup	1	1036	36.000000	5.040000	0.967000	1503099566	19402981	11011926	0	30414907	30410614	
2.000000	dedup	1	1036	36.000000	5.040000	0.927000	1512281181	19697582	11013160	0	30710742	30706439	
2.000000	dedup	1	1132	36.000000	5.040000	1.048000	1501932456	18996266	10681889	0	29678155	29673784	
4.000000	dedup	1	1132	36.000000	5.040000	1.046000	1495012269	19165974	10879081	0	30045055	30041330	
4.000000	dedup	1	1132	36.000000	5.040000	1.006000	1522527226	19761684	11059301	0	30820985	30817290	
2.000000	dedup	1	1224	36.000000	5.040000	1.048000	1525179816	19707546	11020816	0	30728362	30724588	
4.000000	dedup	1	1224	36.000000	5.032000	1.127000	1516428869	19397528	10887033	0	30284561	30280689	
4.000000	dedup	1	1224	36.000000	5.032000	1.127000	1530483966	19485817	10976590	0	30462407	30458599	
4.000000	dedup	1	1428	37.000000	5.032000	1.408000	1548909200	18959419	10970142	0	29929561	29925897	
4.000000	dedup	1	1428	37.000000	5.024000	1.446000	1548042783	19096390	10970593	0	30066983	30063364	
2.000000	dedup	1	1428	37.000000	5.032000	1.449000	1563187694	19201661	11068304	0	30269965	30266698	
4.000000	dedup	1	1479	37.000000	5.024000	1.446000	1560108169	18992243	10910102	0	29902345	29899023	
2.000000	dedup	1	1479	37.000000	5.024000	1.527000	1558207665	19028096	10944626	0	29972722	29969470	
2.000000	dedup	1	1479	37.000000	5.024000	1.487000	1565270460	18848698	10889403	0	29738101	29734882	
18.000000	ferret	1	102	35.000000	5.064000	0.243000	1480092723	25121702	10855667	0	35977369	35945298	
20.000000	ferret	1	102	35.000000	5.064000	0.243000	1480287733	24693789	10907942	0	35601731	35569964	
14.000000	ferret	1	102	35.000000	5.072000	0.243000	1469680499	24605274	11039554	0	35644828	35612889	
8.000000	ferret	1	204	35.000000	5.072000	0.324000	1443421458	22650359	10649693	0	33300052	33283159	
8.000000	ferret	1	204	35.000000	5.072000	0.324000	1427346591	23896514	10878015	0	34774529	34758207	
6.000000	ferret	1	204	35.000000	5.072000	0.324000	1438297332	23822766	10558642	0	34381408	34364302	
6.000000	ferret	1	307	35.000000	5.072000	0.364000	1432285433	20749652	10489804	0	31239456	31227541	
6.000000	ferret	1	307	35.000000	5.064000	0.364000	1439096398	22136119	10493118	0	32629237	32617373	
4.000000	ferret	1	307	35.000000	5.072000	0.365000	1433171599	21651244	10626242	0	32277486	32265447	
6.000000	ferret	1	403	35.000000	5.064000	0.405000	1429045507	21505501	10654682	0	32160183	32150923	
6.000000	ferret	1	403	35.000000	5.072000	0.405000	1435480349	21334047	10546939	0	31880986	31871662	
4.000000	ferret	1	403	35.000000	5.072000	0.405000	1430874210	21802418	10758567	0	32560985	32550749	
4.000000	ferret	1	518	35.000000	5.072000	0.446000	1457175579	21174735	10755472	0	31930207	31922480	
4.000000	ferret	1	518	35.000000	5.072000	0.446000	1455513850	20967811	10691671	0	31659482	31651302	
4.000000	ferret	1	518	35.000000	5.072000	0.446000	1443629670	20290872	10390602	0	30681474	30674245	
4.000000	ferret	1	614	35.000000	5.072000	0.486000	1473122014	20364337	10596598	0	30960935	30954546	
4.000000	ferret	1	614	35.000000	5.072000	0.446000	1455946346	20270999	10418139	0	30689138	30682945	
4.000000	ferret	1	614	35.000000	5.072000	0.446000	1472021144	20610099	10441194	0	31051293	31044216	
4.000000	ferret	1	710	35.000000	5.072000	0.486000	1483623085	20373373	10757684	0	31131057	31125409	
2.000000	ferret	1	710	35.000000	5.056000	0.485000	1487079376	19868779	10364356	0	30233135	30227067	
4.000000	ferret	1	710	35.000000	5.056000	0.485000	1471345452	19711212	10335862	0	30047074	30040522	
4.000000	ferret	1	921	35.000000	5.056000	0.566000	1500360262	19522655	10430074	0	29952729	29947850	
2.000000	ferret	1	921	35.000000	5.064000	0.607000	1490112753	19345020	10408686	0	29753706	29749075	
2.000000	ferret	1	921	35.000000	5.064000	0.607000	1505199756	19446138	10481220	0	29927358	29922424	
2.000000	ferret	1	1036	36.000000	5.064000	0.648000	1522023011	19092428	10503236	0	29595664	29590757	
2.000000	ferret	1	1036	36.000000	5.056000	0.728000	1525469182	19257759	10494937	0	29752696	29748546	
4.000000	ferret	1	1036	35.000000	5.064000	0.648000	1513616902	18927323	10191642	0	29118965	29114569	
4.000000	ferret	1	1132	36.000000	5.056000	0.647000	1523853492	19280041	10489885	0	29769926	29765663	
4.000000	ferret	1	1132	36.000000	5.064000	0.648000	1529773054	19323715	10519595	0	29843310	29838276	
2.000000	ferret	1	1132	36.000000	5.064000	0.648000	1524522953	19017310	10537802	0	29555112	29551022	
4.000000	ferret	1	1224	36.000000	5.056000	0.726000	1541049854	19156681	10450194	0	29606875	29603096	
4.000000	ferret	1	1224	35.000000	5.064000	0.729000	1526216462	19253944	10453847	0	29707791	29703485	
4.000000	ferret	1	1224	36.000000	5.064000	0.729000	1534011982	18761330	10350989	0	29112319	29108700	
4.000000	ferret	1	1428	36.000000	5.056000	0.930000	1562177863	18700315	10429679	0	29129994	29126365	
4.000000	ferret	1	1428	36.000000	5.056000	0.930000	1561713090	18863183	10574867	0	29438050	29434723	
2.000000	ferret	1	1428	37.000000	5.056000	0.930000	1559758298	18903768	10832908	0	29736676	29733184	
2.000000	ferret	1	1479	37.000000	5.056000	0.970000	1568632052	18622072	10413790	0	29035862	29032671	
4.000000	ferret	1	1479	36.000000	5.056000	1.009000	1580786448	19006178	10530747	0	29536925	29533491	
4.000000	ferret	1	1479	36.000000	5.048000	1.009000	1579828789	19017789	10678884	0	29696673	29693092	
20.000000	fluidanimate	1	102	35.000000	5.072000	0.283000	1494498171	24993200	11119142	0	36112342	36079435	
18.000000	fluidanimate	1	102	35.000000	5.072000	0.243000	1498654510	26280179	11346559	0	37626738	37592945	
14.000000	fluidanimate	1	102	35.000000	5.072000	0.243000	1495531441	26388492	11449103	0	37837595	37806478	
8.000000	fluidanimate	1	204	35.000000	5.064000	0.364000	1450985750	23951877	11016597	0	34968474	34950657	
8.000000	fluidanimate	1	204	35.000000	5.064000	0.364000	1460043988	22672496	10948312	0	33620808	33604288	
8.000000	fluidanimate	1	204	35.000000	5.056000	0.364000	1477749159	23983427	11069551	0	35052978	35035683	
6.000000	fluidanimate	1	307	35.000000	5.056000	0.444000	1437847215	21947698	10851250	0	32798948	32786748	
6.000000	fluidanimate	1	307	35.000000	5.056000	0.444000	1452840778	22365314	10966318	0	33331632	33318609	
6.000000	fluidanimate	1	307	35.000000	5.056000	0.444000	1460974020	22140121	10818840	0	32958961	32946716	
4.000000	fluidanimate	1	403	35.000000	5.056000	0.525000	1457528186	20957075	10841081	0	31798156	31787574	
4.000000	fluidanimate	1	403	36.000000	5.056000	0.485000	1446329591	21712727	10829111	0	32541838	32532062	
4.000000	fluidanimate	1	403	36.000000	5.056000	0.485000	1462762311	21803523	10944691	0	32748214	32738685	
4.000000	fluidanimate	1	518	35.000000	5.048000	0.566000	1460933754	20797852	10766716	0	31564568	31556180	
4.000000	fluidanimate	1	518	36.000000	5.048000	0.605000	1464238990	20447277	10862010	0	31309287	31301695	
4.000000	fluidanimate	1	518	36.000000	5.056000	0.566000	1479441171	21097054	11011655	0	32108709	32101516	
4.000000	fluidanimate	1	614	36.000000	5.048000	0.646000	1481831257	20547339	11046456	0	31593795	31586860	
2.000000	fluidanimate	1	614	36.000000	5.048000	0.646000	1477898021	20695036	10922582	0	31617618	31611804	
2.000000	fluidanimate	1	614	36.000000	5.048000	0.646000	1497722056	20982450	11046428	0	32028878	32022446	
2.000000	fluidanimate	1	710	36.000000	5.048000	0.686000	1480637291	19747971	10776159	0	30524130	30518421	
2.000000	fluidanimate	1	710	36.000000	5.040000	0.685000	1487819711	19889868	10771862	0	30661730	30656001	
4.000000	fluidanimate	1	710	36.000000	5.032000	0.885000	1494513773	20104054	10863689	0	30967743	30961915	
4.000000	fluidanimate	1	921	36.000000	5.032000	0.845000	1512372374	19342269	10713642	0	30055911	30050906	
4.000000	fluidanimate	1	921	36.000000	5.048000	0.807000	1527367824	19552230	10840228	0	30392458	30387400	
2.000000	fluidanimate	1	921	36.000000	5.048000	0.807000	1504778765	19375741	10770067	0	30145808	30141356	
2.000000	fluidanimate	1	1036	36.000000	5.040000	0.967000	1535214868	19281682	10787490	0	30069172	30064403	
4.000000	fluidanimate	1	1036	36.000000	5.040000	0.927000	1551798191	19379274	10805852	0	30185126	30180414	
2.000000	fluidanimate	1	1036	36.000000	5.032000	0.966000	1552876668	19615788	10830502	0	30446290	30442367	
2.000000	fluidanimate	1	1132	37.000000	5.032000	0.925000	1544227302	19252199	10844747	0	30096946	30092344	
2.000000	fluidanimate	1	1132	36.000000	5.040000	1.008000	1541941392	19219302	10855936	0	30075238	30071240	
2.000000	fluidanimate	1	1132	36.000000	5.040000	0.967000	1548762243	19249157	10884405	0	30133562	30129579	
2.000000	fluidanimate	1	1224	36.000000	5.032000	1.046000	1553805899	19021653	10730675	0	29752328	29748243	
2.000000	fluidanimate	1	1224	36.000000	5.040000	1.008000	1555071709	18968600	10746298	0	29714898	29710829	
2.000000	fluidanimate	1	1224	37.000000	5.032000	1.207000	1557188731	19007178	10814110	0	29821288	29816576	
2.000000	fluidanimate	1	1428	37.000000	5.024000	1.446000	1583735183	18873052	10907111	0	29780163	29775995	
2.000000	fluidanimate	1	1428	37.000000	5.016000	1.524000	1585025405	19059112	10906170	0	29965282	29962021	
4.000000	fluidanimate	1	1428	37.000000	5.024000	1.286000	1574542627	18824103	10994578	0	29818681	29815266	
2.000000	fluidanimate	1	1479	37.000000	5.024000	1.406000	1600115221	18871254	10988801	0	29860055	29856233	
4.000000	fluidanimate	1	1479	37.000000	5.016000	1.524000	1579627643	18616374	10753022	0	29369396	29365963	
4.000000	fluidanimate	1	1479	38.000000	5.016000	1.605000	1593162278	18938113	10789480	0	29727593	29724001	
18.000000	freqmine	1	102	36.000000	5.072000	0.243000	1470725439	24382053	10779325	0	35161378	35131896	
14.000000	freqmine	1	102	35.000000	5.072000	0.243000	1461145363	26477375	11097972	0	37575347	37545195	
18.000000	freqmine	1	102	35.000000	5.064000	0.243000	1467753040	25743714	10950895	0	36694609	36665314	
10.000000	freqmine	1	204	36.000000	5.064000	0.364000	1425299609	23712756	10795809	0	34508565	34492547	
8.000000	freqmine	1	204	35.000000	5.064000	0.364000	1431365550	22837172	10814139	0	33651311	33635177	
10.000000	freqmine	1	204	36.000000	5.064000	0.324000	1424050976	23436877	10921177	0	34358054	34342091	
6.000000	freqmine	1	307	36.000000	5.056000	0.444000	1442650826	22137022	10747505	0	32884527	32872729	
4.000000	freqmine	1	307	36.000000	5.056000	0.444000	1425679351	22212579	10726811	0	32939390	32928373	
6.000000	freqmine	1	307	35.000000	5.056000	0.404000	1425165376	22091557	10651027	0	32742584	32731532	
4.000000	freqmine	1	403	35.000000	5.056000	0.485000	1435009042	21049082	10865501	0	31914583	31905942	
4.000000	freqmine	1	403	35.000000	5.056000	0.485000	1426816191	21549903	10658738	0	32208641	32199518	
6.000000	freqmine	1	403	35.000000	5.056000	0.525000	1437652683	21437437	10650936	0	32088373	32079321	
4.000000	freqmine	1	518	36.000000	5.056000	0.566000	1449498470	20834748	10616572	0	31451320	31443795	
4.000000	freqmine	1	518	36.000000	5.048000	0.565000	1442597252	19807050	10421618	0	30228668	30221183	
4.000000	freqmine	1	518	36.000000	5.048000	0.565000	1449436993	20929002	10660989	0	31589991	31582356	
4.000000	freqmine	1	614	36.000000	5.056000	0.605000	1450492040	20026481	10782330	0	30808811	30802570	
4.000000	freqmine	1	614	36.000000	5.048000	0.605000	1445833506	20218491	10659530	0	30878021	30871653	
4.000000	freqmine	1	614	36.000000	5.048000	0.605000	1457940037	20523536	10621388	0	31144924	31138045	
4.000000	freqmine	1	710	36.000000	5.048000	0.726000	1465393056	19441394	10408599	0	29849993	29843950	
4.000000	freqmine	1	710	36.000000	5.048000	0.726000	1468864206	19959695	10661539	0	30621234	30615576	
4.000000	freqmine	1	710	36.000000	5.048000	0.686000	1491664418	20192557	10785616	0	30978173	30971549	
2.000000	freqmine	1	921	36.000000	5.040000	0.846000	1487849859	19202235	10498442	0	29700677	29696207	
2.000000	freqmine	1	921	36.000000	5.040000	0.806000	1510225309	19423260	10637705	0	30060965	30056404	
2.000000	freqmine	1	921	36.000000	5.040000	0.887000	1498989856	19749734	10714607	0	30464341	30459675	
4.000000	freqmine	1	1036	36.000000	5.040000	0.887000	1513298242	18739030	10403531	0	29142561	29138206	
4.000000	freqmine	1	1036	36.000000	5.040000	0.887000	1515182824	19115201	10477658	0	29592859	29588357	
2.000000	freqmine	1	1036	36.000000	5.040000	0.887000	1517710219	18848569	10438913	0	29287482	29282863	
4.000000	freqmine	1	1132	36.000000	5.040000	0.927000	1515606530	19029958	10595308	0	29625266	29620438	
2.000000	freqmine	1	1132	36.000000	5.040000	0.967000	1520386583	19384232	10581656	0	29965888	29961660	
4.000000	freqmine	1	1132	36.000000	5.040000	0.967000	1525404256	19125439	10498324	0	29623763	29619523	
2.000000	freqmine	1	1224	36.000000	5.032000	1.086000	1532828059	18669480	10479722	0	29149202	29144990	
4.000000	freqmine	1	1224	36.000000	5.032000	1.127000	1531454144	18838252	10421273	0	29259525	29255479	
4.000000	freqmine	1	1224	37.000000	5.032000	1.046000	1547513249	19018157	10404512	0	29422669	29418660	
4.000000	freqmine	1	1428	37.000000	5.024000	1.406000	1582384341	18664878	10510250	0	29175128	29171800	
2.000000	freqmine	1	1428	37.000000	5.024000	1.406000	1566724684	18935817	10577913	0	29513730	29510272	
2.000000	freqmine	1	1428	36.000000	5.024000	1.406000	1552462252	18578575	10709027	0	29287602	29284077	
2.000000	freqmine	1	1479	37.000000	5.024000	1.527000	1565443406	18298537	10345848	0	28644385	28641005	
2.000000	freqmine	1	1479	37.000000	5.024000	1.446000	1559159802	18635990	10545308	0	29181298	29177862	
2.000000	freqmine	1	1479	37.000000	5.024000	1.527000	1566984287	18411587	10480903	0	28892490	28889023	
22.000000	streamcluster	1	102	35.000000	5.072000	0.243000	1419004866	23935930	10324090	0	34260020	34233255	
16.000000	streamcluster	1	102	35.000000	5.072000	0.243000	1424237869	24985946	10486474	0	35472420	35444569	
20.000000	streamcluster	1	102	36.000000	5.072000	0.243000	1432871638	25525348	10633111	0	36158459	36129982	
10.000000	streamcluster	1	204	36.000000	5.056000	0.364000	1397722318	22809106	10329097	0	33138203	33123154	
8.000000	streamcluster	1	204	36.000000	5.056000	0.364000	1405601901	22007949	10373046	0	32380995	32366034	
8.000000	streamcluster	1	204	35.000000	5.056000	0.364000	1391503017	22589966	10113256	0	32703222	32686734	
6.000000	streamcluster	1	307	35.000000	5.048000	0.484000	1392799932	21427634	10266470	0	31694104	31683015	
8.000000	streamcluster	1	307	35.000000	5.056000	0.444000	1401219098	21434647	10191504	0	31626151	31614507	
6.000000	streamcluster	1	307	35.000000	5.056000	0.444000	1393734145	21244392	10152763	0	31397155	31386031	
4.000000	streamcluster	1	403	35.000000	5.056000	0.525000	1391183282	19961086	10201419	0	30162505	30154356	
4.000000	streamcluster	1	403	35.000000	5.056000	0.525000	1398725069	20585012	10119190	0	30704202	30696138	
4.000000	streamcluster	1	403	35.000000	5.056000	0.525000	1422208587	20664701	10193285	0	30857986	30848732	
4.000000	streamcluster	1	518	35.000000	5.048000	0.565000	1413190643	20037808	10157157	0	30194965	30188543	
4.000000	streamcluster	1	518	35.000000	5.048000	0.605000	1409700057	19616358	10037784	0	29654142	29647003	
4.000000	streamcluster	1	518	36.000000	5.048000	0.726000	1407018305	19711166	10062116	0	29773282	29766334	
4.000000	streamcluster	1	614	36.000000	5.048000	0.686000	1423418037	19399709	10114623	0	29514332	29508048	
4.000000	streamcluster	1	614	36.000000	5.048000	0.686000	1417963269	19509471	10050100	0	29559571	29553742	
4.000000	streamcluster	1	614	36.000000	5.048000	0.686000	1416544681	19772479	10117298	0	29889777	29883721	
2.000000	streamcluster	1	710	36.000000	5.048000	0.726000	1440051442	19062290	10046842	0	29109132	29103180	
4.000000	streamcluster	1	710	36.000000	5.048000	0.686000	1433913555	19334714	10087989	0	29422703	29417637	
4.000000	streamcluster	1	710	36.000000	5.048000	0.686000	1445347057	19005133	10019981	0	29025114	29019438	
2.000000	streamcluster	1	921	36.000000	5.048000	0.807000	1459597080	18656853	9930639	0	28587492	28583515	
2.000000	streamcluster	1	921	36.000000	5.040000	0.848000	1457269662	18592829	9832796	0	28425625	28421476	
2.000000	streamcluster	1	921	36.000000	5.040000	0.887000	1460238876	18541850	9969010	0	28510860	28506360	
4.000000	streamcluster	1	1036	36.000000	5.048000	0.927000	1462192944	18139647	9876305	0	28015952	28012326	
4.000000	streamcluster	1	1036	36.000000	5.048000	0.927000	1478352481	18322526	9987067	0	28309593	28305867	
4.000000	streamcluster	1	1036	36.000000	5.048000	0.888000	1475266241	18446685	9907730	0	28354415	28350651	
4.000000	streamcluster	1	1132	36.000000	5.048000	0.928000	1479883182	18359277	9946825	0	28306102	28302347	
2.000000	streamcluster	1	1132	36.000000	5.048000	0.928000	1468981862	18325504	9896510	0	28222014	28218210	
4.000000	streamcluster	1	1132	36.000000	5.048000	0.928000	1478367826	17995215	9848959	0	27844174	27840445	
2.000000	streamcluster	1	1224	36.000000	5.040000	1.008000	1494071312	18486410	10238473	0	28724883	28721228	
2.000000	streamcluster	1	1224	36.000000	5.048000	1.049000	1490488732	18360989	9954881	0	28315870	28312298	
4.000000	streamcluster	1	1224	37.000000	5.040000	1.048000	1491009212	18041277	9937438	0	27978715	27974826	
4.000000	streamcluster	1	1428	36.000000	5.040000	1.290000	1527844261	17856436	9929073	0	27785509	27782142	
4.000000	streamcluster	1	1428	37.000000	5.040000	1.330000	1520923995	18423789	10064159	0	28487948	28484548	
4.000000	streamcluster	1	1428	36.000000	5.040000	1.209000	1533165970	18261145	10078490	0	28339635	28335678	
2.000000	streamcluster	1	1479	37.000000	5.032000	1.368000	1528572254	17860182	9951746	0	27811928	27808286	
4.000000	streamcluster	1	1479	37.000000	5.032000	1.368000	1539842629	18249775	9995639	0	28245414	28242166	
4.000000	streamcluster	1	1479	37.000000	5.032000	1.408000	1537626398	18076099	9982615	0	28058714	28055509	
24.000000	vips	1	102	35.000000	5.072000	0.243000	1589837899	25540922	10963055	0	36503977	36469278	
16.000000	vips	1	102	35.000000	5.072000	0.243000	1586858996	26300659	11183944	0	37484603	37454133	
28.000000	vips	1	102	35.000000	5.072000	0.243000	1596038628	26600396	11354930	0	37955326	37922899	
8.000000	vips	1	204	35.000000	5.064000	0.324000	1563926476	24278408	10784786	0	35063194	35045665	
6.000000	vips	1	204	35.000000	5.064000	0.324000	1562957403	22352196	10727940	0	33080136	33063932	
8.000000	vips	1	204	35.000000	5.064000	0.324000	1563004858	23811805	10783653	0	34595458	34577626	
6.000000	vips	1	307	35.000000	5.072000	0.364000	1555625690	21859889	10694328	0	32554217	32542614	
6.000000	vips	1	307	35.000000	5.072000	0.364000	1561043837	22788297	10856802	0	33645099	33633310	
6.000000	vips	1	307	35.000000	5.064000	0.364000	1566409162	23326961	10914047	0	34241008	34228579	
6.000000	vips	1	403	35.000000	5.072000	0.445000	1564138553	21636857	10747670	0	32384527	32374935	
6.000000	vips	1	403	35.000000	5.064000	0.445000	1566176236	21862417	10563230	0	32425647	32415723	
4.000000	vips	1	403	35.000000	5.064000	0.405000	1555500274	21299289	10508602	0	31807891	31798886	
2.000000	vips	1	518	35.000000	5.064000	0.526000	1578831169	21249026	10567838	0	31816864	31809081	
4.000000	vips	1	518	36.000000	5.064000	0.486000	1569728754	21265860	10687482	0	31953342	31945578	
6.000000	vips	1	518	35.000000	5.064000	0.486000	1568863787	21090415	10525221	0	31615636	31608288	
4.000000	vips	1	614	35.000000	5.064000	0.567000	1583061413	21659972	11140910	0	32800882	32794223	
4.000000	vips	1	614	35.000000	5.064000	0.526000	1596467798	21035116	10636871	0	31671987	31665118	
4.000000	vips	1	614	36.000000	5.072000	0.486000	1585976938	21004459	10745694	0	31750153	31743431	
4.000000	vips	1	710	36.000000	5.064000	0.567000	1609967070	20362953	10523092	0	30886045	30879617	
4.000000	vips	1	710	35.000000	5.064000	0.606000	1595590767	20210223	10482118	0	30692341	30686903	
4.000000	vips	1	710	35.000000	5.064000	0.567000	1591459334	19606234	10504697	0	30110931	30105169	
2.000000	vips	1	921	36.000000	5.064000	0.647000	1628241029	19575255	10453514	0	30028769	30023499	
2.000000	vips	1	921	36.000000	5.064000	0.647000	1628564737	19640597	10410609	0	30051206	30046002	
4.000000	vips	1	921	36.000000	5.064000	0.688000	1621191670	19477852	10342220	0	29820072	29815410	
4.000000	vips	1	1036	36.000000	5.056000	0.768000	1627624007	19069565	10349351	0	29418916	29414539	
2.000000	vips	1	1036	36.000000	5.056000	0.728000	1642238311	19256617	10439012	0	29695629	29691031	
2.000000	vips	1	1036	35.000000	5.056000	0.728000	1646239477	19193448	10374985	0	29568433	29563298	
2.000000	vips	1	1132	36.000000	5.056000	0.768000	1645111032	18919425	10312674	0	29232099	29227836	
4.000000	vips	1	1132	36.000000	5.056000	0.728000	1667904652	19197056	10360735	0	29557791	29553318	
4.000000	vips	1	1132	36.000000	5.056000	0.728000	1648218104	19202052	10476361	0	29678413	29673603	
4.000000	vips	1	1224	36.000000	5.056000	0.849000	1663911621	19096967	10473729	0	29570696	29565716	
2.000000	vips	1	1224	37.000000	5.056000	0.849000	1662707814	19206937	10407222	0	29614159	29609373	
2.000000	vips	1	1224	36.000000	5.056000	0.889000	1667889902	19542144	10598452	0	30140596	30135705	
2.000000	vips	1	1428	37.000000	5.048000	1.130000	1691299689	19150389	10605400	0	29755789	29752226	
2.000000	vips	1	1428	37.000000	5.048000	1.171000	1696235924	19173992	10556368	0	29730360	29726611	
4.000000	vips	1	1428	36.000000	5.048000	1.130000	1688522196	19179711	10430937	0	29610648	29607353	
2.000000	vips	1	1479	36.000000	5.040000	1.209000	1693019654	18748959	10467507	0	29216466	29213204	
4.000000	vips	1	1479	37.000000	5.048000	1.171000	1693719033	18515075	10359268	0	28874343	28870469	
4.000000	vips	1	1479	37.000000	5.040000	1.209000	1694671943	18973409	10455251	0	29428660	29425091	
14.000000	x264	1	102	36.000000	5.072000	0.243000	1442312758	24890771	10670818	0	35561589	35531223	
16.000000	x264	1	102	35.000000	5.072000	0.243000	1454527883	24109244	10478031	0	34587275	34558631	
34.000000	x264	1	102	35.000000	5.072000	0.284000	1439720771	23685216	10512277	0	34197493	34169036	
8.000000	x264	1	204	35.000000	5.072000	0.324000	1422751808	22854974	10440685	0	33295659	33280391	
8.000000	x264	1	204	35.000000	5.072000	0.324000	1422843383	23555692	10610838	0	34166530	34151260	
8.000000	x264	1	204	35.000000	5.072000	0.324000	1407752640	23531404	10522795	0	34054199	34038880	
6.000000	x264	1	307	35.000000	5.072000	0.365000	1398583972	20563794	10174908	0	30738702	30728061	
6.000000	x264	1	307	35.000000	5.072000	0.405000	1413283461	22029797	10460774	0	32490571	32478700	
6.000000	x264	1	307	35.000000	5.064000	0.364000	1403655555	21067515	10303509	0	31371024	31360572	
6.000000	x264	1	403	35.000000	5.064000	0.405000	1415505629	20945507	10391348	0	31336855	31327955	
4.000000	x264	1	403	35.000000	5.064000	0.405000	1410105623	21108015	10498092	0	31606107	31597312	
4.000000	x264	1	403	35.000000	5.064000	0.445000	1414125797	21015094	10295331	0	31310425	31301930	
4.000000	x264	1	518	35.000000	5.072000	0.446000	1418965298	19888737	10172331	0	30061068	30054451	
4.000000	x264	1	518	35.000000	5.072000	0.446000	1424123067	19719112	10234861	0	29953973	29946506	
4.000000	x264	1	518	35.000000	5.072000	0.446000	1420365184	20522196	10195531	0	30717727	30710805	
2.000000	x264	1	614	35.000000	5.072000	0.486000	1426615455	19858137	10178153	0	30036290	30029863	
4.000000	x264	1	614	35.000000	5.072000	0.486000	1432474553	20216406	10255769	0	30472175	30465564	
2.000000	x264	1	614	35.000000	5.072000	0.486000	1437569043	19938030	10384411	0	30322441	30316741	
4.000000	x264	1	710	35.000000	5.064000	0.486000	1451271400	19506797	10235475	0	29742272	29736771	
4.000000	x264	1	710	35.000000	5.064000	0.526000	1449470389	19737110	10277439	0	30014549	30009330	
4.000000	x264	1	710	35.000000	5.064000	0.486000	1453164179	19112513	10221983	0	29334496	29329493	
2.000000	x264	1	921	35.000000	5.064000	0.567000	1492558549	19338524	10393638	0	29732162	29727955	
4.000000	x264	1	921	35.000000	5.064000	0.567000	1474331304	19150581	10218893	0	29369474	29364601	
2.000000	x264	1	921	36.000000	5.064000	0.567000	1472097996	18798389	10138556	0	28936945	28931716	
2.000000	x264	1	1036	35.000000	5.064000	0.648000	1496785710	18989898	10217306	0	29207204	29203514	
2.000000	x264	1	1036	35.000000	5.064000	0.648000	1492136441	18691370	10090941	0	28782311	28778569	
2.000000	x264	1	1036	36.000000	5.064000	0.607000	1507175453	18964910	10214871	0	29179781	29175824	
4.000000	x264	1	1132	35.000000	5.056000	0.728000	1489427349	18817243	10170693	0	28987936	28984153	
2.000000	x264	1	1132	35.000000	5.064000	0.648000	1495656550	18739213	10155606	0	28894819	28890404	
2.000000	x264	1	1132	36.000000	5.064000	0.648000	1504721521	18622783	10221173	0	28843956	28839830	
2.000000	x264	1	1224	35.000000	5.064000	0.729000	1505776992	18211286	10020672	0	28231958	28228183	
4.000000	x264	1	1224	36.000000	5.056000	0.768000	1505068593	18503199	10171482	0	28674681	28671074	
2.000000	x264	1	1224	35.000000	5.056000	0.728000	1501314009	18418975	10138359	0	28557334	28553994	
2.000000	x264	1	1428	36.000000	5.056000	0.930000	1545536726	18520274	10197202	0	28717476	28714077	
2.000000	x264	1	1428	36.000000	5.056000	0.930000	1556744413	18366838	10158231	0	28525069	28521887	
4.000000	x264	1	1428	36.000000	5.056000	0.930000	1531586922	18066560	9950219	0	28016779	28013175	
4.000000	x264	1	1479	36.000000	5.048000	1.009000	1552613823	18573536	10245096	0	28818632	28815182	
4.000000	x264	1	1479	37.000000	5.056000	1.009000	1546212559	18341108	10175686	0	28516794	28513794	
4.000000	x264	1	1479	37.000000	5.056000	0.970000	1550236588	18383269	10234619	0	28617888	28614675	
