#Timestamp	Benchmark	Run(#)	CPU Frequency (MHz)	CPU Temperature(C)	Voltage[V]	Power[W]	L1_INSTRUCTION_CACHE_ACCESS	INSTRUCTION_SPECULATIVELY_EXECUTED	L2_DATA_CACHE_ACCESS_READ	BUS_ACCESS	UNALIGNED_ACCESS	CPU_CYCLES
1	blackscholes	1	102	30	5.072000	0.243000	586706386	1393636912	41675502	53951792	1019014	1521588814	
1	blackscholes	1	102	30	5.072000	0.243000	593884404	1414367231	41787879	51675437	1374029	1531442980	
1	blackscholes	1	102	30	5.072000	0.243000	578049554	1378888452	38833448	44738371	1233654	1466258863	
1	blackscholes	1	204	30	5.064000	0.364000	562477394	1346420047	34033831	35187096	1351655	1405539029	
1	blackscholes	1	204	30	5.064000	0.364000	569180558	1364992113	34025872	34028046	1356032	1418785756	
1	blackscholes	1	204	30	5.064000	0.364000	569177333	1361372887	34353713	35174244	1229446	1422487297	
1	blackscholes	1	307	30	5.064000	0.445000	564022214	1351422102	33030342	33529896	1353844	1414501626	
1	blackscholes	1	307	30	5.064000	0.445000	563851838	1349085147	33229060	34164904	1110985	1415474751	
1	blackscholes	1	307	30	5.056000	0.444000	564135786	1352108406	33443256	33994670	1220683	1419148407	
1	blackscholes	1	403	30	5.064000	0.526000	557364611	1336266144	31849372	31951681	1219454	1405462555	
1	blackscholes	1	403	30	5.064000	0.526000	560520485	1346703144	32435636	32665212	1353383	1417915284	
1	blackscholes	1	403	30	5.056000	0.525000	557724368	1336836496	32155505	32550526	994906	1410545294	
1	blackscholes	1	518	30	5.056000	0.606000	559395605	1344690677	31841944	32326636	1351811	1429511636	
1	blackscholes	1	518	30	5.056000	0.566000	559849167	1344361704	31711663	31265960	1350223	1426991617	
1	blackscholes	1	518	30	5.056000	0.606000	554296185	1328398746	31616393	31743603	1106606	1416348518	
1	blackscholes	1	614	30	5.056000	0.647000	559045517	1338658713	31608263	32031961	1223869	1442952469	
1	blackscholes	1	614	30	5.056000	0.687000	556777343	1336067011	31619651	32138441	1105766	1438141934	
1	blackscholes	1	614	30	5.056000	0.687000	557844774	1339703889	31446882	31656596	1350984	1439347913	
1	blackscholes	1	710	30	5.056000	0.728000	558133843	1332200522	31189424	30108409	993151	1446947122	
1	blackscholes	1	710	30	5.056000	0.768000	559224637	1340214396	31382373	30518835	1109294	1454485062	
1	blackscholes	1	710	30	5.056000	0.808000	558217373	1341316265	31227257	30872356	1107163	1451358038	
1	blackscholes	1	921	31	5.048000	0.848000	556354754	1334643755	30702431	29956461	1219065	1475706574	
1	blackscholes	1	921	30	5.048000	0.848000	554291471	1331038325	30749486	29599753	1346379	1468719398	
1	blackscholes	1	921	30	5.048000	0.888000	553374516	1328023948	30530265	29950012	1349173	1467371096	
1	blackscholes	1	1036	30	5.048000	0.928000	561164283	1349672836	30606231	29716501	1347636	1505754742	
1	blackscholes	1	1036	30	5.048000	0.888000	555783360	1334675681	30824914	30003608	1102240	1494314356	
1	blackscholes	1	1036	31	5.048000	0.928000	558733851	1343372720	30688517	29883710	1350267	1501989274	
1	blackscholes	1	1132	31	5.048000	0.928000	552534951	1325631050	30668032	29860089	997962	1495848777	
1	blackscholes	1	1132	31	5.048000	0.928000	554439180	1327603408	30687108	29542708	1220233	1498878955	
1	blackscholes	1	1132	31	5.048000	0.969000	553331533	1325253138	30419575	30037667	1351779	1496601007	
1	blackscholes	1	1224	31	5.048000	1.009000	552264865	1325351374	30466109	29780002	991823	1510352001	
1	blackscholes	1	1224	31	5.040000	1.088000	559984192	1343645471	30671510	29973898	1350510	1530095114	
1	blackscholes	1	1224	31	5.048000	1.090000	559738302	1344740917	30716592	29876805	1221229	1530540842	
1	blackscholes	1	1428	32	5.040000	1.330000	552223478	1326062132	30329970	29337790	1348287	1541564152	
1	blackscholes	1	1428	31	5.040000	1.249000	558162541	1343025776	30333928	29836029	1100998	1556547227	
1	blackscholes	1	1428	31	5.040000	1.290000	549245922	1316695836	30124468	29393686	1347977	1529212855	
1	blackscholes	1	1479	32	5.032000	1.449000	549263469	1314533531	29899034	28842024	1107827	1534103304	
1	blackscholes	1	1479	32	5.032000	1.449000	556745833	1338734737	30381734	29327784	991082	1560083503	
1	blackscholes	1	1479	32	5.032000	1.449000	554945129	1328740787	30437153	30108476	1001481	1558920533	
1	bodytrack	1	102	30	5.072000	0.243000	696486940	1756816917	40116259	40245035	1114377	1704868095	
1	bodytrack	1	102	30	5.072000	0.243000	686123633	1726422390	39971071	41547362	1107072	1680932150	
1	bodytrack	1	102	30	5.072000	0.243000	689519572	1736530651	39966058	41083272	1338268	1688763233	
1	bodytrack	1	204	30	5.072000	0.324000	677384446	1710941837	36857828	39073051	1211403	1654222418	
1	bodytrack	1	204	30	5.072000	0.324000	676020153	1706679499	36885959	39298814	1102269	1649856924	
1	bodytrack	1	204	30	5.072000	0.324000	671647338	1697445749	35989684	36587917	1099697	1631732309	
1	bodytrack	1	307	30	5.072000	0.365000	669867574	1693075781	35281785	37172190	1100792	1641716012	
1	bodytrack	1	307	30	5.064000	0.365000	671117588	1698611806	35367129	37358540	1325660	1647059489	
1	bodytrack	1	307	30	5.072000	0.365000	672276779	1701246329	35650077	37499252	1102281	1649724738	
1	bodytrack	1	403	30	5.072000	0.405000	673616108	1706964443	34964112	36521620	1101846	1662467954	
1	bodytrack	1	403	30	5.072000	0.446000	675327777	1708058641	34564364	35886473	1098521	1664646373	
1	bodytrack	1	403	30	5.064000	0.405000	671574863	1699750141	34734626	36592134	1319726	1659540511	
1	bodytrack	1	518	30	5.064000	0.486000	669185720	1695101445	34173317	35927364	1322409	1665731705	
1	bodytrack	1	518	30	5.064000	0.486000	669636128	1696692665	34225322	36053906	1321040	1669647265	
1	bodytrack	1	518	30	5.064000	0.486000	669468809	1696151108	34106994	35883930	1319089	1668115409	
1	bodytrack	1	614	30	5.064000	0.526000	672113417	1703033705	33877939	35180657	1199340	1689191818	
1	bodytrack	1	614	30	5.064000	0.526000	666116544	1683385549	33418709	34270727	1321165	1667776091	
1	bodytrack	1	614	30	5.064000	0.526000	662031625	1673898190	33683217	35417635	1318744	1663894685	
1	bodytrack	1	710	30	5.064000	0.607000	663567237	1675213042	33179461	34222894	1201387	1676085856	
1	bodytrack	1	710	30	5.064000	0.567000	666094280	1686447261	33239650	34188588	1205252	1684271744	
1	bodytrack	1	710	30	5.064000	0.567000	663288480	1679009571	33368870	34422946	1095691	1679636966	
1	bodytrack	1	921	31	5.056000	0.687000	662239225	1676471915	32764991	32758806	1205060	1703584177	
1	bodytrack	1	921	30	5.056000	0.687000	665523368	1683876883	32871194	33675766	1316214	1718019324	
1	bodytrack	1	921	31	5.056000	0.728000	662693965	1678409111	32891988	34183612	1446674	1711327112	
1	bodytrack	1	1036	31	5.048000	0.848000	661828034	1677741575	32871887	33870536	1447077	1729026658	
1	bodytrack	1	1036	31	5.056000	0.808000	664259458	1681698318	32901945	33493824	1249945	1735465173	
1	bodytrack	1	1036	30	5.056000	0.808000	661203664	1673905430	32655840	33442005	1314269	1725605865	
1	bodytrack	1	1132	31	5.056000	0.849000	665052901	1681622921	32770756	33085426	1208254	1745259075	
1	bodytrack	1	1132	31	5.056000	0.848000	668089602	1693314701	33143730	34400497	1445407	1760627245	
1	bodytrack	1	1132	31	5.056000	0.889000	662824022	1679712838	32875690	33355146	1450180	1742210836	
1	bodytrack	1	1224	31	5.048000	0.969000	666388763	1689359364	32684487	32749228	1450934	1765389199	
1	bodytrack	1	1224	31	5.048000	0.969000	661614066	1677030918	32466126	33179291	1445473	1753321914	
1	bodytrack	1	1224	31	5.048000	0.969000	662096645	1676292437	32503428	33403024	1446278	1757422438	
1	bodytrack	1	1428	32	5.040000	1.209000	664673138	1684867895	32555963	33363088	1449451	1800239815	
1	bodytrack	1	1428	31	5.040000	1.209000	661775413	1675462540	32728791	33070027	1449262	1790972476	
1	bodytrack	1	1428	33	5.040000	1.209000	658489006	1667959957	32406919	32914829	1091454	1778293650	
1	bodytrack	1	1479	31	5.040000	1.370000	661500405	1674520134	32691460	33880591	1443316	1800677828	
1	bodytrack	1	1479	33	5.040000	1.249000	657323830	1664005426	32366258	33467603	1450634	1788690821	
1	bodytrack	1	1479	32	5.040000	1.330000	663288551	1681060638	32332202	33499390	1317329	1803191629	
1	dedup	1	102	30	5.072000	0.243000	582567319	1394794628	37598329	38436395	1124914	1459224637	
1	dedup	1	102	30	5.072000	0.243000	582910551	1392602583	37927712	39503238	1235843	1461632053	
1	dedup	1	102	30	5.072000	0.243000	589065848	1409999492	37950927	39563505	1123627	1478391636	
1	dedup	1	204	30	5.072000	0.324000	568532632	1362590082	34683831	36891099	1224942	1421425670	
1	dedup	1	204	30	5.064000	0.364000	570246509	1367969625	34364103	35142868	1358371	1420762564	
1	dedup	1	204	30	5.072000	0.365000	568445710	1362101749	34743742	37199545	1223286	1420269161	
1	dedup	1	307	31	5.064000	0.445000	566133802	1358208169	33693789	34886973	1221409	1423227687	
1	dedup	1	307	30	5.064000	0.445000	566364228	1360904506	33424001	35128685	1224461	1422190324	
1	dedup	1	307	30	5.064000	0.445000	564857786	1356832206	33387092	35253389	1226194	1420339347	
1	dedup	1	403	30	5.064000	0.486000	560092657	1343131103	32318838	33437308	1107142	1412554223	
1	dedup	1	403	31	5.056000	0.566000	566175833	1357173760	33017201	34294506	1353155	1432506231	
1	dedup	1	403	30	5.056000	0.525000	564115337	1354416255	32884350	34679130	1221264	1426638569	
1	dedup	1	518	30	5.056000	0.606000	565314768	1358326509	32465043	34136999	1220129	1445082151	
1	dedup	1	518	30	5.056000	0.606000	562831238	1348780051	32254929	33288232	1222805	1435297677	
1	dedup	1	518	30	5.056000	0.606000	558452022	1338567840	32185622	33688243	1220425	1427514183	
1	dedup	1	614	31	5.056000	0.687000	566776506	1364149164	32088226	33428450	1101661	1463234088	
1	dedup	1	614	30	5.056000	0.687000	560004491	1344803557	32050982	33649649	1353272	1447853189	
1	dedup	1	614	30	5.056000	0.647000	562481730	1350836053	32021467	33648488	1351002	1452378345	
1	dedup	1	710	31	5.056000	0.768000	561022121	1344284332	31216203	31453540	1350010	1451696066	
1	dedup	1	710	31	5.048000	0.848000	565652665	1360838648	31627081	32374776	1350784	1474000692	
1	dedup	1	710	31	5.048000	0.848000	564724138	1358730976	31624480	32002497	1107293	1469006706	
1	dedup	1	921	31	5.048000	0.807000	559077179	1341924680	31255181	31742782	1106582	1484309248	
1	dedup	1	921	31	5.048000	0.848000	558389725	1340965937	31120148	31884362	1219545	1483164955	
1	dedup	1	921	31	5.048000	0.848000	557755695	1336574682	30878863	31869678	1219795	1478671084	
1	dedup	1	1036	31	5.048000	0.928000	559335241	1342167049	31110833	31334541	1219277	1502423129	
1	dedup	1	1036	31	5.048000	0.888000	558069284	1340314765	31050296	32178469	1350716	1499404398	
1	dedup	1	1036	31	5.048000	0.888000	559079612	1340705493	31192845	32069298	1220091	1505986779	
1	dedup	1	1132	31	5.048000	0.969000	559524400	1343368872	30997175	32030212	1350310	1517342547	
1	dedup	1	1132	31	5.048000	0.967000	559544485	1345866011	31123774	32140051	1103505	1517105764	
1	dedup	1	1132	31	5.048000	0.969000	557354548	1336878384	31058838	31549680	997629	1508853928	
1	dedup	1	1224	31	5.040000	1.128000	557585949	1335008108	30925351	31907958	994009	1525456061	
1	dedup	1	1224	31	5.040000	1.128000	557512369	1337087834	31080360	31522610	1102072	1524335973	
1	dedup	1	1224	31	5.048000	1.048000	557324979	1336961921	31121700	31529439	1350481	1524736293	
1	dedup	1	1428	31	5.032000	1.368000	554675274	1331551222	30846664	32164219	1103746	1555826742	
1	dedup	1	1428	31	5.040000	1.290000	559540423	1341752462	31022096	31660304	1104829	1561912771	
1	dedup	1	1428	31	5.040000	1.290000	558329510	1333866719	30786432	31049240	997326	1550927150	
1	dedup	1	1479	32	5.032000	1.529000	560150241	1344377767	30618723	31148401	1103971	1569254251	
1	dedup	1	1479	32	5.032000	1.489000	557415933	1337129167	30899102	32039549	1106390	1568082154	
1	dedup	1	1479	32	5.032000	1.489000	559232984	1342200026	31009816	31797885	1348907	1573066981	
1	ferret	1	102	30	5.072000	0.243000	588510042	1412221720	37528198	36975442	1026257	1471677300	
1	ferret	1	102	30	5.072000	0.243000	589880189	1415676376	37313563	36631668	1377540	1475054307	
1	ferret	1	102	30	5.072000	0.243000	596466161	1434479947	37645016	37041890	1378467	1494446196	
1	ferret	1	204	30	5.072000	0.324000	578850828	1388553557	34626347	34842400	1243740	1441858032	
1	ferret	1	204	30	5.072000	0.324000	576992604	1386334846	34704174	36351644	1366082	1441975912	
1	ferret	1	204	30	5.072000	0.324000	574577310	1380154028	34827134	36047830	1124620	1437455404	
1	ferret	1	307	30	5.072000	0.365000	570653688	1371087271	33553378	34285184	1115736	1434633134	
1	ferret	1	307	30	5.072000	0.365000	572386509	1375952145	33327404	34056950	1234785	1436909222	
1	ferret	1	307	30	5.072000	0.365000	569829340	1368150798	33383594	34946057	1362921	1433841581	
1	ferret	1	403	30	5.072000	0.405000	570090528	1372599920	32854252	33049755	1237695	1442419575	
1	ferret	1	403	30	5.072000	0.405000	569685633	1370516203	32710371	33307940	1366406	1440724492	
1	ferret	1	403	30	5.072000	0.405000	568816187	1367749325	32577337	32859062	1362495	1437796278	
1	ferret	1	518	30	5.072000	0.486000	574325269	1384024307	32512785	33500660	1012910	1469347511	
1	ferret	1	518	30	5.064000	0.486000	572525577	1378881773	32608599	33585686	1233266	1468424677	
1	ferret	1	518	30	5.072000	0.446000	568207364	1366498567	32201440	32796179	1007487	1452061238	
1	ferret	1	614	30	5.064000	0.486000	570327233	1372318617	32159399	32920235	1363659	1471825570	
1	ferret	1	614	30	5.072000	0.486000	564373935	1353764960	31751000	32022530	1364942	1452213779	
1	ferret	1	614	30	5.064000	0.526000	565417747	1360032601	32041582	32784969	1361880	1462244012	
1	ferret	1	710	30	5.072000	0.527000	565220442	1357311902	31250816	31257764	1011265	1466445450	
1	ferret	1	710	31	5.072000	0.527000	568896018	1368634113	31686361	31711734	1227655	1479030326	
1	ferret	1	710	30	5.072000	0.527000	563246720	1355256558	31359609	31014660	1234505	1462555060	
1	ferret	1	921	30	5.064000	0.567000	562932389	1354027017	30922789	30377673	1229080	1492183636	
1	ferret	1	921	30	5.064000	0.567000	564527273	1358937400	31260097	31486291	1118992	1501156384	
1	ferret	1	921	31	5.064000	0.567000	570091169	1373351055	31319990	31216128	1004499	1515005855	
1	ferret	1	1036	31	5.064000	0.728000	562614958	1353599442	30730835	30574409	1230538	1511277632	
1	ferret	1	1036	31	5.056000	0.728000	571111549	1376317920	31177063	31052982	1013909	1537362316	
1	ferret	1	1036	30	5.056000	0.728000	567302148	1364751113	31302936	30530077	1008814	1523456129	
1	ferret	1	1132	31	5.064000	0.648000	569544914	1369364262	31253408	31020336	1118494	1543227667	
1	ferret	1	1132	30	5.064000	0.648000	567599971	1367162557	30865074	30059522	1010692	1532622486	
1	ferret	1	1132	31	5.064000	0.648000	567828908	1368831248	30979926	30325626	1117317	1534651444	
1	ferret	1	1224	31	5.064000	0.729000	568201439	1369234972	31513500	30251623	1362368	1552415590	
1	ferret	1	1224	31	5.064000	0.728000	566971607	1363639259	31178524	31139291	1008116	1551760217	
1	ferret	1	1224	31	5.064000	0.729000	565269468	1361279481	30921713	30469070	1119189	1545240145	
1	ferret	1	1428	32	5.056000	0.930000	563790309	1355893755	30870070	30340398	1110628	1573908799	
1	ferret	1	1428	31	5.056000	0.970000	561184216	1348647280	30636789	29451081	1235109	1558474827	
1	ferret	1	1428	32	5.056000	0.930000	567936267	1367818075	30981266	30777280	1364914	1587537368	
1	ferret	1	1479	31	5.056000	1.011000	563149679	1355934212	30757175	30677919	1232913	1582643010	
1	ferret	1	1479	31	5.056000	1.011000	564935822	1358298566	30870536	30626870	1114231	1583672950	
1	ferret	1	1479	31	5.056000	1.011000	560624906	1345835881	30323552	29765003	1231941	1565833659	
1	fluidanimate	1	102	30	5.072000	0.243000	605289358	1454056046	38272815	39574624	1509390	1504253532	
1	fluidanimate	1	102	30	5.072000	0.243000	604107177	1453304272	37989039	38766223	1265269	1500403124	
1	fluidanimate	1	102	30	5.072000	0.243000	598889307	1438094728	37576850	38773951	1512611	1482697428	
1	fluidanimate	1	204	30	5.064000	0.364000	589880465	1417920943	34518515	36458891	1372724	1451895371	
1	fluidanimate	1	204	30	5.064000	0.364000	590937328	1424902867	34363585	35249217	1372201	1454873705	
1	fluidanimate	1	204	30	5.064000	0.364000	598218339	1441691312	35185084	36879417	1143664	1479715660	
1	fluidanimate	1	307	30	5.064000	0.445000	582713928	1403482858	33244935	34156680	1260488	1443798530	
1	fluidanimate	1	307	30	5.064000	0.445000	583714148	1407651176	33389376	35160315	1495548	1448135917	
1	fluidanimate	1	307	30	5.064000	0.445000	590028967	1421818718	33497151	34710837	1250711	1462828391	
1	fluidanimate	1	403	30	5.056000	0.525000	583190403	1407508003	32515623	33359312	1492949	1454127473	
1	fluidanimate	1	403	30	5.064000	0.525000	587363274	1414911400	32722387	33947168	1368409	1467409908	
1	fluidanimate	1	403	30	5.056000	0.525000	589464509	1423146348	32852417	34447155	1143126	1475165925	
1	fluidanimate	1	518	31	5.056000	0.566000	578533670	1393220017	31980222	33181879	1138909	1457726176	
1	fluidanimate	1	518	31	5.056000	0.606000	579972546	1398249178	32233693	33622788	1144671	1462799665	
1	fluidanimate	1	518	30	5.056000	0.566000	579798718	1397218260	32061401	33196274	1361417	1462916562	
1	fluidanimate	1	614	30	5.056000	0.606000	582876345	1404147774	31725853	32559654	1361458	1480000741	
1	fluidanimate	1	614	30	5.056000	0.647000	584925571	1413075339	32000923	32877741	1493651	1491860436	
1	fluidanimate	1	614	30	5.056000	0.726000	579626045	1396649198	31746581	33340146	1366451	1477210564	
1	fluidanimate	1	710	31	5.056000	0.768000	580186168	1399024716	31330833	32003103	1489365	1488472693	
1	fluidanimate	1	710	31	5.048000	0.848000	580064601	1400383110	31450032	31836818	1145775	1486563613	
1	fluidanimate	1	710	31	5.048000	0.807000	582070504	1401884128	31633922	32281284	1495014	1495388925	
1	fluidanimate	1	921	31	5.056000	0.807000	575774075	1386172667	30905984	30940242	1244845	1504287460	
1	fluidanimate	1	921	31	5.056000	0.808000	579452125	1397195068	30996510	30995820	1361381	1516328441	
1	fluidanimate	1	921	30	5.048000	0.807000	577911226	1393425148	30999550	30873661	1138750	1513006649	
1	fluidanimate	1	1036	31	5.048000	0.848000	579039745	1395996064	31174467	31674777	1248767	1538875808	
1	fluidanimate	1	1036	31	5.048000	0.888000	582157496	1407326120	31186939	31512610	1361732	1548064415	
1	fluidanimate	1	1036	31	5.048000	0.848000	582099475	1403157016	31295593	31378983	1140626	1545137477	
1	fluidanimate	1	1132	31	5.048000	0.888000	576105953	1389668653	31069579	31587736	1251427	1545782646	
1	fluidanimate	1	1132	32	5.048000	0.969000	576225422	1389268433	30960014	31145934	1490641	1538515028	
1	fluidanimate	1	1132	31	5.048000	0.969000	579947490	1398819716	30995931	31296961	1251554	1549622707	
1	fluidanimate	1	1224	31	5.048000	1.009000	580355363	1398535082	30825510	31244753	1494485	1565297145	
1	fluidanimate	1	1224	32	5.040000	1.048000	581231590	1401989278	31058086	31381821	1494923	1569914522	
1	fluidanimate	1	1224	32	5.048000	1.049000	579600569	1399540936	30973976	31497222	1492032	1567209444	
1	fluidanimate	1	1428	33	5.040000	1.330000	580802404	1402870057	30852540	31166642	1250243	1604564108	
1	fluidanimate	1	1428	31	5.032000	1.368000	576244432	1387450970	30417504	30672637	1253051	1584877620	
1	fluidanimate	1	1428	32	5.032000	1.368000	575989329	1386308813	30883856	31203342	1497716	1589153799	
1	fluidanimate	1	1479	32	5.032000	1.408000	581362173	1402740654	30624429	30721884	1498147	1608263056	
1	fluidanimate	1	1479	32	5.032000	1.489000	580662636	1400270496	30775438	30911532	1255664	1607173902	
1	fluidanimate	1	1479	32	5.032000	1.489000	580271211	1400125268	30790141	31263028	1245914	1609309024	
1	freqmine	1	102	30	5.072000	0.243000	588562674	1405525296	37766150	38763293	1142081	1467277567	
1	freqmine	1	102	30	5.072000	0.243000	591102648	1417853333	37618616	38816082	1143988	1475535931	
1	freqmine	1	102	30	5.072000	0.243000	591810307	1417213395	37983195	38886522	1388208	1477475000	
1	freqmine	1	204	31	5.064000	0.324000	584168549	1404913890	34826296	36326589	1246074	1451522678	
1	freqmine	1	204	30	5.064000	0.364000	576624461	1380320067	34238555	34813138	1378162	1426824286	
1	freqmine	1	204	30	5.064000	0.324000	582475024	1400006364	34632203	35929257	1018909	1447405554	
1	freqmine	1	307	30	5.064000	0.405000	576527392	1386023539	33225847	34253884	1242551	1438555236	
1	freqmine	1	307	30	5.064000	0.405000	575857357	1381357234	33461609	34377912	1128701	1438317035	
1	freqmine	1	307	30	5.064000	0.405000	573675556	1378284597	33231038	34568298	1127971	1434038589	
1	freqmine	1	403	30	5.064000	0.486000	579306911	1394716042	32441476	32108517	1126647	1452358878	
1	freqmine	1	403	30	5.056000	0.525000	573916281	1377131711	32740391	33617357	1240557	1442415037	
1	freqmine	1	403	30	5.056000	0.486000	573170217	1377247216	32487931	33072898	1017972	1440700799	
1	freqmine	1	518	30	5.056000	0.566000	571454007	1374248282	31958636	32604037	1123798	1449764628	
1	freqmine	1	518	30	5.056000	0.566000	570782280	1371084367	31624005	31346293	1238262	1443619798	
1	freqmine	1	518	30	5.064000	0.567000	569404319	1366402778	32153637	33494533	1019967	1448094894	
1	freqmine	1	614	30	5.056000	0.647000	578693264	1395856710	32287473	32179023	1376276	1485044766	
1	freqmine	1	614	31	5.056000	0.647000	569952434	1368532016	31809658	32422014	1238071	1460098320	
1	freqmine	1	614	30	5.056000	0.647000	564679918	1355342138	31475294	32285255	1366799	1446429458	
1	freqmine	1	710	30	5.048000	0.807000	570668444	1369759247	31606324	31100189	1021352	1472605054	
1	freqmine	1	710	31	5.048000	0.807000	573261306	1377931238	31460914	31494932	1371089	1479519247	
1	freqmine	1	710	31	5.048000	0.807000	573157965	1378440628	31520420	31507492	1239938	1479641936	
1	freqmine	1	921	31	5.048000	0.848000	566376928	1361112690	31032944	30258090	1241192	1491414741	
1	freqmine	1	921	31	5.056000	0.807000	567588043	1360958630	31012580	30884195	1242356	1492862506	
1	freqmine	1	921	31	5.048000	0.848000	568652028	1366014356	31309209	31123441	1125252	1501375420	
1	freqmine	1	1036	31	5.048000	0.848000	567508703	1363532489	30889260	30659792	1013010	1512245828	
1	freqmine	1	1036	31	5.048000	0.888000	570029457	1374483612	30733962	30749532	1372666	1520646296	
1	freqmine	1	1036	31	5.048000	0.928000	567182158	1362878171	31090548	31046038	1367672	1515026987	
1	freqmine	1	1132	31	5.048000	0.888000	565174279	1359438059	30964345	30758131	1016471	1522240856	
1	freqmine	1	1132	30	5.048000	0.928000	564956805	1354014767	30714893	30552099	1241361	1516278341	
1	freqmine	1	1132	31	5.048000	0.969000	566667832	1360220282	30646865	30618612	1239208	1520523643	
1	freqmine	1	1224	31	5.040000	1.048000	570481083	1372829171	30908105	31271879	1126749	1552497256	
1	freqmine	1	1224	31	5.040000	1.088000	568476189	1365842916	30957320	30517076	1240229	1542922207	
1	freqmine	1	1224	31	5.040000	1.048000	566966488	1362329755	30671196	30436614	1366716	1541252727	
1	freqmine	1	1428	32	5.032000	1.328000	566194692	1363239408	30489974	30096866	1237542	1568163271	
1	freqmine	1	1428	33	5.032000	1.368000	566109314	1361567600	30634742	30085605	1018313	1568764111	
1	freqmine	1	1428	32	5.040000	1.249000	566127948	1363375948	30316943	29987932	1019119	1564067447	
1	freqmine	1	1479	32	5.040000	1.330000	565073328	1360215938	30646596	30684837	1367118	1574619162	
1	freqmine	1	1479	32	5.032000	1.408000	566051553	1362754291	30640401	30133482	1017601	1575957913	
1	freqmine	1	1479	32	5.032000	1.408000	571233978	1377736662	30695913	30398605	1124151	1593844197	
1	streamcluster	1	102	30	5.072000	0.243000	573311555	1372686157	36466358	35339092	1110316	1431484605	
1	streamcluster	1	102	30	5.072000	0.243000	576024372	1379015162	37339102	37778490	1353435	1443107265	
1	streamcluster	1	102	30	5.072000	0.243000	573923002	1373685384	37069496	37696364	1226515	1435986474	
1	streamcluster	1	204	30	5.064000	0.364000	568495553	1360524415	34154431	35068560	1351010	1416620690	
1	streamcluster	1	204	30	5.064000	0.364000	560764331	1343662308	33540801	33280680	1100072	1395090430	
1	streamcluster	1	204	30	5.064000	0.364000	562175136	1345939859	33895546	34569343	1344247	1400889516	
1	streamcluster	1	307	30	5.064000	0.486000	558143780	1338389513	32435368	32821048	988591	1397036838	
1	streamcluster	1	307	30	5.056000	0.444000	557789756	1334618604	32419482	32739171	988455	1394534171	
1	streamcluster	1	307	30	5.064000	0.445000	559222776	1340468925	32724289	33879046	1342186	1402741452	
1	streamcluster	1	403	30	5.056000	0.525000	555008147	1331159266	31708026	31579515	1096463	1398032244	
1	streamcluster	1	403	30	5.056000	0.525000	557802737	1339895445	31932365	32168151	1207143	1407089809	
1	streamcluster	1	403	30	5.056000	0.525000	559187551	1345412972	32020637	32430762	1341785	1412392370	
1	streamcluster	1	518	30	5.056000	0.606000	553060114	1327269821	31528913	31799212	1214875	1409429438	
1	streamcluster	1	518	31	5.056000	0.566000	555403198	1333474197	31485074	31556528	1098176	1416395631	
1	streamcluster	1	518	31	5.056000	0.606000	561203617	1342714222	31616281	32339059	1098212	1432677596	
1	streamcluster	1	614	31	5.056000	0.647000	554474167	1331750151	31200713	31577440	1340775	1426640899	
1	streamcluster	1	614	31	5.048000	0.686000	553150174	1328210972	31316191	31531762	1340113	1426729237	
1	streamcluster	1	614	31	5.056000	0.647000	554612382	1333023156	31218293	31356517	986759	1429731127	
1	streamcluster	1	710	30	5.056000	0.728000	555381887	1335869074	30744720	29405469	1095449	1436669862	
1	streamcluster	1	710	31	5.056000	0.768000	555722681	1331276178	30878777	30294577	1211520	1440633466	
1	streamcluster	1	710	31	5.048000	0.807000	556148303	1337185780	30918532	30332034	1207515	1442932000	
1	streamcluster	1	921	31	5.048000	0.848000	548429740	1315703730	30297965	29580230	986764	1453029338	
1	streamcluster	1	921	31	5.056000	0.807000	549968520	1319762937	30428041	29703261	1098089	1456911881	
1	streamcluster	1	921	31	5.056000	0.808000	550121316	1319248606	30627934	29742600	1208360	1457616764	
1	streamcluster	1	1036	31	5.056000	0.849000	547392184	1314814786	29830275	29227871	1092215	1465149569	
1	streamcluster	1	1036	31	5.048000	0.888000	552448959	1328158896	30505940	29901835	1211576	1483657299	
1	streamcluster	1	1036	31	5.056000	0.848000	550780377	1322447379	30374133	29753299	1097282	1479347183	
1	streamcluster	1	1132	31	5.048000	0.928000	551601298	1326402397	30152253	29238469	1096639	1488782992	
1	streamcluster	1	1132	31	5.048000	0.969000	550850735	1319935340	30155576	29296294	1209999	1485068052	
1	streamcluster	1	1132	31	5.048000	0.969000	554995112	1334693003	30500420	29664001	1206435	1502192851	
1	streamcluster	1	1224	31	5.048000	1.049000	549892024	1319380677	30522739	29702365	1205847	1502484021	
1	streamcluster	1	1224	31	5.048000	1.009000	548743419	1316056644	30039171	29582732	1207475	1497506231	
1	streamcluster	1	1224	31	5.040000	1.049000	553980175	1327853751	30196167	29038455	1093213	1504984830	
1	streamcluster	1	1428	31	5.040000	1.330000	553288044	1331176571	30069609	29208679	1336702	1540407000	
1	streamcluster	1	1428	32	5.040000	1.249000	550618890	1321427551	30054557	28690674	1208189	1528355591	
1	streamcluster	1	1428	32	5.040000	1.290000	550263638	1322098182	30035179	29515137	1208635	1535016732	
1	streamcluster	1	1479	32	5.040000	1.330000	547367559	1314202104	29809796	29331149	1207675	1531802923	
1	streamcluster	1	1479	31	5.040000	1.330000	550074011	1321961820	30001861	29027103	1094970	1540090964	
1	streamcluster	1	1479	32	5.040000	1.370000	550465272	1322011999	29917604	29246430	988658	1540787116	
1	vips	1	102	30	5.072000	0.243000	628842117	1539279220	38851076	38107222	1464036	1597576623	
1	vips	1	102	30	5.072000	0.243000	633224157	1551787717	39568970	38991550	1335220	1614224651	
1	vips	1	102	30	5.072000	0.243000	634155619	1555356682	39528583	39127977	1222444	1619298723	
1	vips	1	204	30	5.072000	0.324000	617622378	1516849948	36080723	36095705	1212803	1568409908	
1	vips	1	204	30	5.072000	0.324000	618740509	1515728363	36143211	36367405	1106299	1567704367	
1	vips	1	204	30	5.072000	0.324000	616648922	1510895008	36085889	35636689	1101180	1559310355	
1	vips	1	307	30	5.072000	0.365000	613630233	1510878864	35097060	34503061	1722883	1567754297	
1	vips	1	307	30	5.072000	0.365000	612050989	1502139749	34783017	34602215	1207865	1559441936	
1	vips	1	307	30	5.064000	0.364000	610112366	1498232176	35099909	35313825	1099747	1558261128	
1	vips	1	403	30	5.072000	0.405000	606648324	1491084240	34159987	34077283	1361215	1559717606	
1	vips	1	403	30	5.072000	0.405000	615961180	1517154230	34214610	32995226	1210281	1583075029	
1	vips	1	403	30	5.072000	0.405000	609807155	1496962000	34458110	34624610	1450502	1569305712	
1	vips	1	518	30	5.072000	0.445000	607756186	1492521220	33672711	33522469	1324377	1577143198	
1	vips	1	518	30	5.072000	0.446000	606463489	1490761836	33610834	33434707	1321847	1571971368	
1	vips	1	518	30	5.072000	0.486000	606996366	1494007669	33572145	33625226	1449948	1577650855	
1	vips	1	614	31	5.072000	0.486000	604512597	1483484488	33251373	33023827	1318349	1582910234	
1	vips	1	614	30	5.072000	0.486000	605289933	1489253160	33175479	33036148	1450548	1585079088	
1	vips	1	614	30	5.072000	0.527000	609877290	1502270833	33576148	32982858	1207203	1599642150	
1	vips	1	710	30	5.064000	0.648000	608931413	1496913902	33244121	32300352	1369444	1603480114	
1	vips	1	710	30	5.064000	0.687000	605153070	1489672341	32566522	31811205	1204833	1593592785	
1	vips	1	710	30	5.064000	0.648000	607072371	1494468528	32941599	32528994	1716678	1601576810	
1	vips	1	921	31	5.064000	0.648000	601908264	1482338235	32502223	30905547	1204200	1619084854	
1	vips	1	921	30	5.064000	0.648000	608026095	1496730925	32736625	31063680	1315693	1635255296	
1	vips	1	921	31	5.064000	0.648000	603297400	1484847851	32631123	31050195	1321282	1622808988	
1	vips	1	1036	30	5.064000	0.729000	608240139	1492504719	32619619	31335914	1589944	1649249841	
1	vips	1	1036	31	5.064000	0.729000	610113389	1503536865	32508036	30447360	1095166	1656887667	
1	vips	1	1036	31	5.064000	0.729000	606198268	1487012215	32232857	31030164	1366279	1640791715	
1	vips	1	1132	30	5.064000	0.769000	603848935	1486250981	32219683	30840493	1319653	1654289234	
1	vips	1	1132	30	5.056000	0.768000	608643447	1496622630	32392497	30872355	1323785	1662779158	
1	vips	1	1132	31	5.064000	0.769000	606216617	1488811341	32526132	31244232	1448164	1660308304	
1	vips	1	1224	31	5.056000	0.849000	600790783	1478185236	32096439	30596845	1447449	1659087113	
1	vips	1	1224	30	5.056000	0.889000	607856754	1496472137	32480470	31193635	1473042	1679225708	
1	vips	1	1224	31	5.056000	0.849000	602055147	1478223360	32195369	31217436	1200579	1665161956	
1	vips	1	1428	32	5.048000	1.130000	604571009	1484465208	31828005	30665578	1320894	1696549376	
1	vips	1	1428	31	5.048000	1.090000	603812566	1486984459	32115695	30451622	1449151	1700022462	
1	vips	1	1428	31	5.048000	1.130000	603846783	1483827871	31904710	30881975	1712640	1696251650	
1	vips	1	1479	31	5.048000	1.211000	600353708	1477573241	31987462	30330494	1319649	1697944996	
1	vips	1	1479	31	5.048000	1.211000	609943186	1502195893	32167810	30849508	1321364	1725649677	
1	vips	1	1479	32	5.048000	1.171000	609544788	1503635599	32274536	30529345	1451832	1723397458	
1	x264	1	102	30	5.072000	0.243000	578193830	1381257483	37672018	38075872	1120002	1450576861	
1	x264	1	102	30	5.072000	0.243000	580987618	1388605879	37395389	36708854	1234227	1454351841	
1	x264	1	102	30	5.072000	0.243000	579757331	1386719993	37222994	36276023	1014536	1451027098	
1	x264	1	204	30	5.072000	0.324000	569814982	1364595743	34349980	34720956	1117040	1421620898	
1	x264	1	204	30	5.072000	0.324000	571462564	1369360296	34749053	35723350	1359966	1428362931	
1	x264	1	204	30	5.064000	0.324000	565991496	1354620696	34604597	35607346	1225460	1414473493	
1	x264	1	307	30	5.072000	0.365000	567216096	1361734560	32885830	32328537	1349438	1419944084	
1	x264	1	307	30	5.072000	0.365000	563923374	1353712769	32980301	33405666	1224480	1414717840	
1	x264	1	307	30	5.072000	0.365000	563706340	1353952452	32769268	32945013	1227874	1412184296	
1	x264	1	403	30	5.072000	0.405000	567030844	1363407931	32690924	33370783	1354203	1435388602	
1	x264	1	403	30	5.072000	0.405000	563301939	1351373339	32498143	33032719	999304	1423282384	
1	x264	1	403	30	5.072000	0.405000	564238594	1354628598	32360384	32544046	1110929	1426777705	
1	x264	1	518	30	5.072000	0.446000	559448632	1342665852	31914276	31948903	1351292	1429459695	
1	x264	1	518	30	5.072000	0.446000	558819653	1342370989	31750424	32598139	1349884	1428386525	
1	x264	1	518	30	5.072000	0.446000	555362999	1333173712	31614568	31791553	1102839	1418322470	
1	x264	1	614	30	5.072000	0.486000	561329709	1348586165	31980370	31982741	1111145	1449551236	
1	x264	1	614	30	5.072000	0.486000	558686634	1340028355	31622928	32191388	1351390	1440718135	
1	x264	1	614	30	5.072000	0.486000	558752390	1340142619	31566419	31908163	1109120	1440932219	
1	x264	1	710	30	5.072000	0.527000	559004584	1342760134	31285624	30886912	1222834	1453773824	
1	x264	1	710	31	5.072000	0.527000	563665473	1354678495	31147306	30077772	1110066	1462179111	
1	x264	1	710	30	5.072000	0.527000	555250836	1332772553	31263467	30567480	1220844	1442300915	
1	x264	1	921	30	5.064000	0.567000	559621386	1339799291	30884156	30334505	1354572	1483402880	
1	x264	1	921	30	5.064000	0.567000	556369616	1333522699	30797811	30017899	995513	1474906816	
1	x264	1	921	31	5.064000	0.567000	556473572	1335198370	30815372	30080341	1222525	1476749352	
1	x264	1	1036	30	5.056000	0.768000	555313113	1333642372	30750416	30091181	1223083	1493856441	
1	x264	1	1036	30	5.056000	0.768000	559450641	1345985194	30649718	29775515	1225424	1500244750	
1	x264	1	1036	30	5.056000	0.808000	555198661	1331222953	30738878	30523198	1222121	1490660936	
1	x264	1	1132	30	5.064000	0.648000	563330355	1354094217	30900557	30199110	1000749	1525090142	
1	x264	1	1132	31	5.064000	0.688000	556963904	1335969951	30611842	29333722	1351580	1502163171	
1	x264	1	1132	31	5.064000	0.648000	554621905	1331481224	30436934	29317007	1348581	1498131096	
1	x264	1	1224	31	5.064000	0.729000	551248219	1321719819	30380347	29622323	1105702	1505202776	
1	x264	1	1224	30	5.064000	0.729000	559944339	1343248900	30696656	30248168	1351539	1530464337	
1	x264	1	1224	30	5.064000	0.729000	562935032	1351088863	30549576	30034605	1109250	1537126946	
1	x264	1	1428	31	5.056000	0.930000	555456706	1334554190	30306027	29853925	1351277	1550902382	
1	x264	1	1428	31	5.056000	0.930000	554837840	1331737705	30459144	29920965	1349327	1548186773	
1	x264	1	1428	30	5.056000	0.930000	556942075	1335838730	30358124	29504940	1108579	1550953040	
1	x264	1	1479	31	5.056000	1.011000	550614380	1320236139	29998541	29299744	1216978	1538544514	
1	x264	1	1479	31	5.056000	1.011000	558324778	1338178143	30265487	29577416	1106438	1560638174	
1	x264	1	1479	31	5.056000	0.970000	553831089	1328875066	30172343	29284121	998572	1549367516	
