Run Duration (ms)	Benchmark	Run(#)	CPU Frequency (MHz)	CPU Temperature(C)	Voltage[V]	Power[W]	CPU_CYCLES	0EXC_TRAP_FIQ	0RC_LD_SPEC	0RC_ST_SPEC
15.000000	blackscholes	1	102	31.000000	5.072000	0.243000	1439256729	0	540135	2556180	ﬁã	ö›ã	
15.750000	blackscholes	1	102	31.000000	5.072000	0.243000	1445363168	0	538029	2620453	ﬁã	ö›ã	
19.500000	blackscholes	1	102	31.000000	5.072000	0.243000	1446202207	0	538136	2618365	ﬁã	ö›ã	
8.750000	blackscholes	1	204	31.000000	5.056000	0.364000	1408463402	0	495485	2585076	ﬁã	ö›ã	
8.000000	blackscholes	1	204	31.000000	5.064000	0.364000	1393470364	0	491907	2507205	ﬁã	ö›ã	
7.750000	blackscholes	1	204	31.000000	5.064000	0.364000	1422510851	0	498181	2690103	ﬁã	ö›ã	
6.000000	blackscholes	1	307	31.000000	5.056000	0.444000	1406070969	0	478849	2616153	ﬁã	ö›ã	
5.750000	blackscholes	1	307	31.000000	5.056000	0.444000	1399372707	0	480418	2565662	ﬁã	ö›ã	
6.000000	blackscholes	1	307	31.000000	5.056000	0.444000	1392244465	0	476283	2520418	ﬁã	ö›ã	
4.750000	blackscholes	1	403	31.000000	5.056000	0.485000	1403025081	0	471702	2575274	ﬁã	ö›ã	
5.250000	blackscholes	1	403	31.000000	5.056000	0.485000	1416384073	0	474426	2616289	ﬁã	ö›ã	
4.000000	blackscholes	1	403	31.000000	5.048000	0.524000	1407328821	0	473236	2582936	ﬁã	ö›ã	
5.250000	blackscholes	1	518	31.000000	5.056000	0.566000	1421127680	0	469497	2599892	ﬁã	ö›ã	
4.000000	blackscholes	1	518	31.000000	5.056000	0.566000	1412621969	0	466736	2572658	ﬁã	ö›ã	
4.500000	blackscholes	1	518	31.000000	5.056000	0.566000	1404992654	0	465233	2495830	ﬁã	ö›ã	
3.750000	blackscholes	1	614	31.000000	5.056000	0.606000	1420818512	0	464282	2550771	ﬁã	ö›ã	
3.250000	blackscholes	1	614	31.000000	5.056000	0.647000	1424807156	0	463507	2561970	ﬁã	ö›ã	
3.250000	blackscholes	1	614	31.000000	5.056000	0.647000	1419482827	0	463076	2518889	ﬁã	ö›ã	
3.250000	blackscholes	1	710	31.000000	5.048000	0.726000	1434481520	0	462740	2569194	ﬁã	ö›ã	
4.000000	blackscholes	1	710	31.000000	5.056000	0.686000	1422988974	0	461145	2474455	ﬁã	ö›ã	
3.250000	blackscholes	1	710	31.000000	5.048000	0.726000	1437446526	0	464943	2532288	ﬁã	ö›ã	
3.250000	blackscholes	1	921	31.000000	5.048000	0.888000	1463997523	0	458902	2589133	ﬁã	ö›ã	
3.000000	blackscholes	1	921	31.000000	5.048000	0.807000	1461507508	0	460450	2537767	ﬁã	ö›ã	
3.000000	blackscholes	1	921	31.000000	5.048000	0.888000	1459953831	0	459152	2533075	ﬁã	ö›ã	
3.250000	blackscholes	1	1036	32.000000	5.048000	0.848000	1473536837	0	459550	2519859	ﬁã	ö›ã	
4.750000	blackscholes	1	1036	32.000000	5.048000	0.928000	1466506648	0	456457	2498749	ﬁã	ö›ã	
3.000000	blackscholes	1	1036	31.000000	5.048000	0.848000	1465003104	0	457121	2474187	ﬁã	ö›ã	
3.000000	blackscholes	1	1132	31.000000	5.048000	0.888000	1495288886	0	458312	2589874	ﬁã	ö›ã	
3.500000	blackscholes	1	1132	31.000000	5.048000	0.969000	1482750484	0	457535	2562108	ﬁã	ö›ã	
3.500000	blackscholes	1	1132	32.000000	5.048000	0.969000	1474418640	0	455906	2503510	ﬁã	ö›ã	
3.000000	blackscholes	1	1224	32.000000	5.040000	1.008000	1505048957	0	459025	2533726	ﬁã	ö›ã	
3.000000	blackscholes	1	1224	32.000000	5.040000	1.088000	1501408309	0	457151	2556487	ﬁã	ö›ã	
3.250000	blackscholes	1	1224	31.000000	5.040000	1.088000	1483904527	0	454080	2468691	ﬁã	ö›ã	
3.000000	blackscholes	1	1428	32.000000	5.040000	1.290000	1530272789	0	456346	2565891	ﬁã	ö›ã	
2.500000	blackscholes	1	1428	32.000000	5.040000	1.370000	1523999494	0	456932	2543769	ﬁã	ö›ã	
3.250000	blackscholes	1	1428	32.000000	5.040000	1.290000	1528520737	0	457154	2537932	ﬁã	ö›ã	
2.500000	blackscholes	1	1479	32.000000	5.040000	1.408000	1542869427	0	457787	2597745	ﬁã	ö›ã	
2.500000	blackscholes	1	1479	32.000000	5.040000	1.411000	1526390339	0	455929	2488358	ﬁã	ö›ã	
2.750000	blackscholes	1	1479	33.000000	5.032000	1.408000	1537749771	0	455966	2602782	ﬁã	ö›ã	
17.500000	bodytrack	1	102	31.000000	5.072000	0.243000	1672856388	0	600873	2640970	ﬁã	ö›ã	
33.500000	bodytrack	1	102	31.000000	5.072000	0.243000	1674380105	0	600830	2666807	ﬁã	ö›ã	
20.250000	bodytrack	1	102	31.000000	5.072000	0.243000	1689016640	0	608172	2717279	ﬁã	ö›ã	
7.750000	bodytrack	1	204	31.000000	5.072000	0.284000	1634139427	0	554050	2598535	ﬁã	ö›ã	
6.500000	bodytrack	1	204	31.000000	5.072000	0.284000	1647827546	0	551655	2682773	ﬁã	ö›ã	
7.000000	bodytrack	1	204	31.000000	5.072000	0.284000	1645097629	0	554077	2704540	ﬁã	ö›ã	
5.500000	bodytrack	1	307	31.000000	5.072000	0.364000	1628020819	0	538128	2610676	ﬁã	ö›ã	
5.000000	bodytrack	1	307	31.000000	5.072000	0.364000	1637114058	0	534894	2642256	ﬁã	ö›ã	
5.250000	bodytrack	1	307	31.000000	5.072000	0.364000	1641711020	0	540551	2670621	ﬁã	ö›ã	
5.000000	bodytrack	1	403	31.000000	5.064000	0.405000	1633998455	0	529649	2624256	ﬁã	ö›ã	
4.500000	bodytrack	1	403	31.000000	5.064000	0.405000	1636258552	0	530740	2607591	ﬁã	ö›ã	
4.500000	bodytrack	1	403	31.000000	5.064000	0.405000	1648327808	0	530821	2667122	ﬁã	ö›ã	
4.250000	bodytrack	1	518	31.000000	5.064000	0.445000	1652269844	0	528469	2633305	ﬁã	ö›ã	
4.500000	bodytrack	1	518	31.000000	5.064000	0.445000	1647996076	0	523859	2632551	ﬁã	ö›ã	
4.750000	bodytrack	1	518	31.000000	5.064000	0.445000	1660743208	0	525858	2702218	ﬁã	ö›ã	
3.750000	bodytrack	1	614	31.000000	5.064000	0.486000	1663654287	0	521362	2651288	ﬁã	ö›ã	
3.500000	bodytrack	1	614	31.000000	5.064000	0.486000	1657731049	0	521574	2621984	ﬁã	ö›ã	
3.250000	bodytrack	1	614	31.000000	5.064000	0.486000	1665405886	0	522158	2674866	ﬁã	ö›ã	
3.250000	bodytrack	1	710	31.000000	5.064000	0.567000	1672583536	0	514926	2624972	ﬁã	ö›ã	
3.250000	bodytrack	1	710	32.000000	5.064000	0.567000	1663033982	0	519901	2562677	ﬁã	ö›ã	
3.000000	bodytrack	1	710	31.000000	5.064000	0.567000	1673655545	0	519620	2653049	ﬁã	ö›ã	
3.000000	bodytrack	1	921	32.000000	5.056000	0.687000	1702634549	0	517218	2642694	ﬁã	ö›ã	
3.000000	bodytrack	1	921	32.000000	5.056000	0.687000	1702358358	0	517335	2607827	ﬁã	ö›ã	
3.000000	bodytrack	1	921	31.000000	5.056000	0.687000	1713271288	0	518094	2683832	ﬁã	ö›ã	
3.250000	bodytrack	1	1036	31.000000	5.048000	0.808000	1720877435	0	515035	2621204	ﬁã	ö›ã	
3.000000	bodytrack	1	1036	31.000000	5.048000	0.807000	1723372437	0	514622	2658086	ﬁã	ö›ã	
2.750000	bodytrack	1	1036	31.000000	5.056000	0.807000	1721012904	0	516303	2618880	ﬁã	ö›ã	
3.250000	bodytrack	1	1132	32.000000	5.048000	0.848000	1733048824	0	517852	2654906	ﬁã	ö›ã	
3.250000	bodytrack	1	1132	31.000000	5.056000	0.848000	1744964221	0	515640	2736930	ﬁã	ö›ã	
3.250000	bodytrack	1	1132	31.000000	5.056000	0.848000	1730963656	0	513691	2633014	ﬁã	ö›ã	
3.000000	bodytrack	1	1224	31.000000	5.048000	0.928000	1735822389	0	513006	2598599	ﬁã	ö›ã	
2.750000	bodytrack	1	1224	32.000000	5.048000	0.928000	1751772360	0	515389	2688589	ﬁã	ö›ã	
2.750000	bodytrack	1	1224	32.000000	5.048000	0.969000	1750196607	0	515934	2641227	ﬁã	ö›ã	
3.000000	bodytrack	1	1428	33.000000	5.040000	1.169000	1774160419	0	512558	2609144	ﬁã	ö›ã	
2.750000	bodytrack	1	1428	32.000000	5.040000	1.249000	1781892950	0	515175	2625593	ﬁã	ö›ã	
2.500000	bodytrack	1	1428	33.000000	5.040000	1.169000	1786697912	0	514882	2731445	ﬁã	ö›ã	
2.500000	bodytrack	1	1479	32.000000	5.040000	1.249000	1777494200	0	511106	2605790	ﬁã	ö›ã	
2.500000	bodytrack	1	1479	33.000000	5.040000	1.249000	1779747674	0	512687	2579610	ﬁã	ö›ã	
2.750000	bodytrack	1	1479	32.000000	5.040000	1.249000	1783474766	0	513335	2632975	ﬁã	ö›ã	
15.750000	dedup	1	102	31.000000	5.072000	0.243000	1448099052	0	534572	2636822	ﬁã	ö›ã	
15.000000	dedup	1	102	31.000000	5.072000	0.243000	1448579433	0	532603	2600151	ﬁã	ö›ã	
14.500000	dedup	1	102	31.000000	5.072000	0.243000	1458861501	0	538112	2691609	ﬁã	ö›ã	
7.750000	dedup	1	204	31.000000	5.064000	0.364000	1432351804	0	496498	2698578	ﬁã	ö›ã	
7.500000	dedup	1	204	31.000000	5.064000	0.364000	1402811624	0	491526	2547334	ﬁã	ö›ã	
11.500000	dedup	1	204	31.000000	5.064000	0.364000	1427211547	0	496200	2690713	ﬁã	ö›ã	
5.500000	dedup	1	307	31.000000	5.064000	0.445000	1414756539	0	481370	2589078	ﬁã	ö›ã	
7.750000	dedup	1	307	31.000000	5.064000	0.445000	1419210637	0	483702	2611398	ﬁã	ö›ã	
5.750000	dedup	1	307	31.000000	5.056000	0.444000	1415951901	0	482396	2610880	ﬁã	ö›ã	
4.000000	dedup	1	403	31.000000	5.056000	0.525000	1415345992	0	475268	2582093	ﬁã	ö›ã	
4.000000	dedup	1	403	31.000000	5.056000	0.485000	1420013376	0	477523	2579357	ﬁã	ö›ã	
6.000000	dedup	1	403	31.000000	5.056000	0.525000	1406750829	0	475533	2521555	ﬁã	ö›ã	
4.750000	dedup	1	518	31.000000	5.056000	0.606000	1429463313	0	472297	2578108	ﬁã	ö›ã	
4.000000	dedup	1	518	31.000000	5.056000	0.566000	1418557661	0	468883	2554535	ﬁã	ö›ã	
4.250000	dedup	1	518	31.000000	5.056000	0.566000	1412708513	0	468351	2510099	ﬁã	ö›ã	
3.750000	dedup	1	614	31.000000	5.056000	0.647000	1449090630	0	472413	2646442	ﬁã	ö›ã	
3.500000	dedup	1	614	31.000000	5.048000	0.646000	1428899496	0	466904	2519034	ﬁã	ö›ã	
3.500000	dedup	1	614	31.000000	5.056000	0.647000	1430026420	0	468326	2540036	ﬁã	ö›ã	
3.500000	dedup	1	710	31.000000	5.048000	0.686000	1457918688	0	466659	2625056	ﬁã	ö›ã	
3.250000	dedup	1	710	31.000000	5.048000	0.687000	1453814962	0	468408	2597417	ﬁã	ö›ã	
3.250000	dedup	1	710	31.000000	5.048000	0.686000	1439974417	0	465444	2508388	ﬁã	ö›ã	
2.750000	dedup	1	921	31.000000	5.048000	0.807000	1483414290	0	465746	2620476	ﬁã	ö›ã	
2.750000	dedup	1	921	32.000000	5.048000	0.807000	1468325468	0	464294	2494764	ﬁã	ö›ã	
3.000000	dedup	1	921	32.000000	5.048000	0.807000	1477213781	0	463044	2556448	ﬁã	ö›ã	
2.750000	dedup	1	1036	32.000000	5.040000	0.967000	1489413413	0	462956	2533688	ﬁã	ö›ã	
3.000000	dedup	1	1036	31.000000	5.040000	0.927000	1494664071	0	464081	2574939	ﬁã	ö›ã	
3.000000	dedup	1	1036	32.000000	5.040000	0.887000	1507097186	0	465255	2645062	ﬁã	ö›ã	
3.500000	dedup	1	1132	32.000000	5.048000	0.928000	1483800931	0	457812	2474838	ﬁã	ö›ã	
3.000000	dedup	1	1132	31.000000	5.040000	1.008000	1513364996	0	464489	2634107	ﬁã	ö›ã	
3.250000	dedup	1	1132	32.000000	5.048000	0.888000	1491209335	0	458490	2515774	ﬁã	ö›ã	
2.750000	dedup	1	1224	32.000000	5.040000	1.048000	1517392977	0	461049	2544881	ﬁã	ö›ã	
3.000000	dedup	1	1224	32.000000	5.040000	1.088000	1516648251	0	460569	2579552	ﬁã	ö›ã	
2.750000	dedup	1	1224	32.000000	5.040000	1.128000	1513236492	0	460090	2568954	ﬁã	ö›ã	
4.500000	dedup	1	1428	32.000000	5.032000	1.408000	1545713912	0	460040	2590453	ﬁã	ö›ã	
2.750000	dedup	1	1428	32.000000	5.032000	1.368000	1552075687	0	462559	2631205	ﬁã	ö›ã	
2.750000	dedup	1	1428	32.000000	5.032000	1.328000	1533553942	0	457809	2549081	ﬁã	ö›ã	
2.500000	dedup	1	1479	32.000000	5.032000	1.368000	1543389292	0	458824	2473857	ﬁã	ö›ã	
2.750000	dedup	1	1479	32.000000	5.032000	1.449000	1548292430	0	459438	2576418	ﬁã	ö›ã	
2.750000	dedup	1	1479	33.000000	5.032000	1.449000	1553794104	0	460493	2586862	ﬁã	ö›ã	
14.750000	ferret	1	102	31.000000	5.080000	0.243000	1456324896	0	540177	2586321	ﬁã	ö›ã	
15.000000	ferret	1	102	31.000000	5.072000	0.243000	1465294773	0	544142	2627383	ﬁã	ö›ã	
15.750000	ferret	1	102	31.000000	5.072000	0.243000	1464154760	0	543919	2624939	ﬁã	ö›ã	
7.250000	ferret	1	204	31.000000	5.072000	0.324000	1441918045	0	502178	2664697	ﬁã	ö›ã	
8.000000	ferret	1	204	31.000000	5.072000	0.284000	1435711397	0	499634	2608096	ﬁã	ö›ã	
7.750000	ferret	1	204	31.000000	5.072000	0.324000	1436950112	0	499928	2633951	ﬁã	ö›ã	
5.250000	ferret	1	307	31.000000	5.072000	0.365000	1412173401	0	480293	2521718	ﬁã	ö›ã	
5.250000	ferret	1	307	31.000000	5.072000	0.365000	1433814524	0	482879	2642027	ﬁã	ö›ã	
5.500000	ferret	1	307	31.000000	5.072000	0.324000	1434628800	0	485698	2657760	ﬁã	ö›ã	
5.500000	ferret	1	403	31.000000	5.072000	0.405000	1449323435	0	479458	2705324	ﬁã	ö›ã	
4.250000	ferret	1	403	31.000000	5.072000	0.405000	1452354953	0	481354	2705713	ﬁã	ö›ã	
5.750000	ferret	1	403	31.000000	5.072000	0.365000	1432123002	0	480775	2575924	ﬁã	ö›ã	
3.750000	ferret	1	518	31.000000	5.072000	0.405000	1439964439	0	471984	2553614	ﬁã	ö›ã	
3.500000	ferret	1	518	31.000000	5.072000	0.405000	1439451374	0	470646	2575894	ﬁã	ö›ã	
3.500000	ferret	1	518	31.000000	5.072000	0.405000	1446260957	0	473443	2583721	ﬁã	ö›ã	
3.750000	ferret	1	614	31.000000	5.072000	0.486000	1446012378	0	470297	2556874	ﬁã	ö›ã	
3.500000	ferret	1	614	31.000000	5.072000	0.446000	1445912979	0	469587	2528392	ﬁã	ö›ã	
3.500000	ferret	1	614	31.000000	5.072000	0.446000	1460310720	0	470072	2607591	ﬁã	ö›ã	
3.250000	ferret	1	710	31.000000	5.072000	0.486000	1467744848	0	467812	2580923	ﬁã	ö›ã	
3.000000	ferret	1	710	31.000000	5.072000	0.486000	1454450297	0	466441	2518219	ﬁã	ö›ã	
3.500000	ferret	1	710	31.000000	5.072000	0.486000	1461229611	0	466794	2531030	ﬁã	ö›ã	
3.000000	ferret	1	921	31.000000	5.072000	0.568000	1496714435	0	466877	2572351	ﬁã	ö›ã	
3.000000	ferret	1	921	31.000000	5.072000	0.568000	1492164975	0	465204	2603153	ﬁã	ö›ã	
3.000000	ferret	1	921	31.000000	5.064000	0.567000	1484202736	0	466140	2516601	ﬁã	ö›ã	
3.000000	ferret	1	1036	31.000000	5.064000	0.607000	1495293532	0	461511	2496321	ﬁã	ö›ã	
2.750000	ferret	1	1036	31.000000	5.064000	0.607000	1507701592	0	463658	2594434	ﬁã	ö›ã	
2.750000	ferret	1	1036	31.000000	5.064000	0.607000	1509782434	0	465311	2557774	ﬁã	ö›ã	
2.750000	ferret	1	1132	32.000000	5.064000	0.648000	1515007031	0	462968	2540135	ﬁã	ö›ã	
3.000000	ferret	1	1132	32.000000	5.064000	0.648000	1522457879	0	466862	2605260	ﬁã	ö›ã	
3.000000	ferret	1	1132	31.000000	5.064000	0.648000	1506170305	0	463101	2478977	ﬁã	ö›ã	
3.000000	ferret	1	1224	32.000000	5.064000	0.729000	1531282379	0	464155	2573825	ﬁã	ö›ã	
2.750000	ferret	1	1224	32.000000	5.064000	0.729000	1527436813	0	462766	2538684	ﬁã	ö›ã	
3.000000	ferret	1	1224	31.000000	5.064000	0.729000	1522137689	0	462412	2494337	ﬁã	ö›ã	
2.750000	ferret	1	1428	32.000000	5.056000	0.889000	1558024857	0	462107	2539538	ﬁã	ö›ã	
2.750000	ferret	1	1428	32.000000	5.056000	0.930000	1556292637	0	462789	2508790	ﬁã	ö›ã	
3.000000	ferret	1	1428	32.000000	5.056000	0.889000	1560150155	0	463327	2558474	ﬁã	ö›ã	
2.500000	ferret	1	1479	33.000000	5.056000	0.970000	1563171258	0	461975	2525399	ﬁã	ö›ã	
2.750000	ferret	1	1479	32.000000	5.056000	0.970000	1570156100	0	461499	2583682	ﬁã	ö›ã	
2.750000	ferret	1	1479	33.000000	5.056000	0.970000	1570647750	0	463171	2553527	ﬁã	ö›ã	
15.500000	fluidanimate	1	102	31.000000	5.072000	0.243000	1485110352	0	544566	2621783	ﬁã	ö›ã	
17.000000	fluidanimate	1	102	31.000000	5.072000	0.243000	1487244315	0	545023	2599788	ﬁã	ö›ã	
29.000000	fluidanimate	1	102	31.000000	5.072000	0.243000	1482167674	0	545136	2607490	ﬁã	ö›ã	
9.750000	fluidanimate	1	204	31.000000	5.064000	0.364000	1453726649	0	501410	2596548	ﬁã	ö›ã	
8.500000	fluidanimate	1	204	31.000000	5.064000	0.364000	1448816068	0	500835	2621358	ﬁã	ö›ã	
9.000000	fluidanimate	1	204	31.000000	5.064000	0.364000	1445939153	0	499321	2568173	ﬁã	ö›ã	
5.500000	fluidanimate	1	307	31.000000	5.064000	0.405000	1459766643	0	489074	2677117	ﬁã	ö›ã	
6.750000	fluidanimate	1	307	31.000000	5.064000	0.445000	1465333493	0	489091	2704519	ﬁã	ö›ã	
5.250000	fluidanimate	1	307	31.000000	5.064000	0.405000	1447710604	0	486042	2601456	ﬁã	ö›ã	
4.500000	fluidanimate	1	403	31.000000	5.064000	0.445000	1438350237	0	478824	2549446	ﬁã	ö›ã	
4.250000	fluidanimate	1	403	31.000000	5.056000	0.485000	1446092088	0	478695	2546594	ﬁã	ö›ã	
4.250000	fluidanimate	1	403	31.000000	5.056000	0.486000	1454945804	0	480925	2594590	ﬁã	ö›ã	
4.000000	fluidanimate	1	518	31.000000	5.056000	0.566000	1463374948	0	474848	2612454	ﬁã	ö›ã	
4.250000	fluidanimate	1	518	31.000000	5.056000	0.566000	1450234149	0	473191	2536323	ﬁã	ö›ã	
3.750000	fluidanimate	1	518	31.000000	5.056000	0.566000	1453697454	0	473335	2550402	ﬁã	ö›ã	
3.500000	fluidanimate	1	614	31.000000	5.056000	0.606000	1473544222	0	471965	2608602	ﬁã	ö›ã	
3.500000	fluidanimate	1	614	31.000000	5.056000	0.647000	1465575268	0	472002	2512383	ﬁã	ö›ã	
3.500000	fluidanimate	1	614	31.000000	5.056000	0.647000	1468738403	0	472782	2554063	ﬁã	ö›ã	
3.750000	fluidanimate	1	710	31.000000	5.048000	0.686000	1483424319	0	471552	2591226	ﬁã	ö›ã	
3.500000	fluidanimate	1	710	31.000000	5.048000	0.686000	1484979025	0	468095	2605058	ﬁã	ö›ã	
4.500000	fluidanimate	1	710	31.000000	5.048000	0.686000	1481678498	0	468333	2561277	ﬁã	ö›ã	
3.250000	fluidanimate	1	921	31.000000	5.048000	0.848000	1508714900	0	466330	2574350	ﬁã	ö›ã	
4.500000	fluidanimate	1	921	31.000000	5.048000	0.848000	1513213039	0	468479	2584558	ﬁã	ö›ã	
2.750000	fluidanimate	1	921	31.000000	5.048000	0.767000	1498968190	0	463557	2505063	ﬁã	ö›ã	
2.750000	fluidanimate	1	1036	32.000000	5.048000	0.848000	1535989100	0	464666	2581224	ﬁã	ö›ã	
2.750000	fluidanimate	1	1036	32.000000	5.040000	0.888000	1528192796	0	466583	2586124	ﬁã	ö›ã	
2.750000	fluidanimate	1	1036	32.000000	5.040000	0.888000	1520002921	0	464173	2527954	ﬁã	ö›ã	
2.750000	fluidanimate	1	1132	32.000000	5.040000	0.927000	1539675809	0	466028	2557588	ﬁã	ö›ã	
2.750000	fluidanimate	1	1132	32.000000	5.040000	0.927000	1539377862	0	463838	2575627	ﬁã	ö›ã	
3.000000	fluidanimate	1	1132	32.000000	5.048000	0.928000	1540072701	0	465725	2585602	ﬁã	ö›ã	
2.750000	fluidanimate	1	1224	32.000000	5.040000	1.128000	1551342280	0	465637	2579978	ﬁã	ö›ã	
2.750000	fluidanimate	1	1224	32.000000	5.040000	1.088000	1553931716	0	463759	2617531	ﬁã	ö›ã	
2.750000	fluidanimate	1	1224	32.000000	5.040000	1.128000	1552335738	0	463687	2580552	ﬁã	ö›ã	
2.500000	fluidanimate	1	1428	32.000000	5.024000	1.527000	1571429921	0	462727	2520395	ﬁã	ö›ã	
2.500000	fluidanimate	1	1428	33.000000	5.024000	1.487000	1578557066	0	463876	2572626	ﬁã	ö›ã	
2.750000	fluidanimate	1	1428	32.000000	5.032000	1.288000	1576640295	0	463095	2560657	ﬁã	ö›ã	
2.500000	fluidanimate	1	1479	32.000000	5.032000	1.446000	1590219668	0	463551	2595609	ﬁã	ö›ã	
2.750000	fluidanimate	1	1479	33.000000	5.024000	1.446000	1585934344	0	463225	2514011	ﬁã	ö›ã	
2.750000	fluidanimate	1	1479	33.000000	5.024000	1.487000	1589710565	0	463938	2582275	ﬁã	ö›ã	
17.250000	freqmine	1	102	31.000000	5.072000	0.243000	1452362153	0	539555	2561385	ﬁã	ö›ã	
19.750000	freqmine	1	102	31.000000	5.072000	0.243000	1473023602	0	542411	2618783	ﬁã	ö›ã	
15.750000	freqmine	1	102	31.000000	5.072000	0.243000	1474332247	0	542679	2650851	ﬁã	ö›ã	
8.500000	freqmine	1	204	31.000000	5.064000	0.324000	1435014807	0	498478	2597972	ﬁã	ö›ã	
7.000000	freqmine	1	204	31.000000	5.064000	0.324000	1422504876	0	494756	2551880	ﬁã	ö›ã	
6.750000	freqmine	1	204	31.000000	5.064000	0.324000	1438230413	0	498840	2637105	ﬁã	ö›ã	
5.500000	freqmine	1	307	31.000000	5.056000	0.405000	1420884907	0	478994	2543620	ﬁã	ö›ã	
5.250000	freqmine	1	307	31.000000	5.064000	0.405000	1428313273	0	481336	2590251	ﬁã	ö›ã	
5.000000	freqmine	1	307	31.000000	5.064000	0.405000	1430113829	0	481938	2583639	ﬁã	ö›ã	
4.250000	freqmine	1	403	31.000000	5.064000	0.485000	1435929275	0	475453	2612997	ﬁã	ö›ã	
4.250000	freqmine	1	403	31.000000	5.056000	0.485000	1434059525	0	474159	2587495	ﬁã	ö›ã	
4.500000	freqmine	1	403	31.000000	5.064000	0.486000	1431667015	0	475365	2553361	ﬁã	ö›ã	
4.500000	freqmine	1	518	31.000000	5.056000	0.525000	1442744166	0	469178	2545442	ﬁã	ö›ã	
5.250000	freqmine	1	518	31.000000	5.056000	0.525000	1442960019	0	470250	2602599	ﬁã	ö›ã	
3.750000	freqmine	1	518	31.000000	5.056000	0.525000	1434548930	0	468565	2524303	ﬁã	ö›ã	
4.000000	freqmine	1	614	31.000000	5.056000	0.606000	1437630331	0	465188	2486999	ﬁã	ö›ã	
4.500000	freqmine	1	614	32.000000	5.056000	0.647000	1452927299	0	465722	2593134	ﬁã	ö›ã	
3.500000	freqmine	1	614	32.000000	5.056000	0.606000	1450922705	0	467244	2577468	ﬁã	ö›ã	
3.000000	freqmine	1	710	32.000000	5.048000	0.686000	1461739400	0	463695	2592850	ﬁã	ö›ã	
3.250000	freqmine	1	710	31.000000	5.048000	0.646000	1470300172	0	465073	2620957	ﬁã	ö›ã	
3.250000	freqmine	1	710	31.000000	5.048000	0.686000	1451395489	0	462143	2509031	ﬁã	ö›ã	
3.000000	freqmine	1	921	32.000000	5.048000	0.807000	1486778143	0	463332	2541219	ﬁã	ö›ã	
3.000000	freqmine	1	921	32.000000	5.048000	0.848000	1488447648	0	463190	2558157	ﬁã	ö›ã	
3.500000	freqmine	1	921	32.000000	5.040000	0.927000	1495553194	0	463665	2582145	ﬁã	ö›ã	
3.000000	freqmine	1	1036	32.000000	5.048000	0.888000	1521582549	0	462417	2655992	ﬁã	ö›ã	
3.000000	freqmine	1	1036	32.000000	5.040000	0.967000	1495525228	0	460778	2514158	ﬁã	ö›ã	
2.750000	freqmine	1	1036	32.000000	5.048000	0.888000	1508731840	0	462038	2568911	ﬁã	ö›ã	
2.750000	freqmine	1	1132	32.000000	5.048000	0.888000	1508151130	0	459600	2510686	ﬁã	ö›ã	
2.750000	freqmine	1	1132	32.000000	5.040000	0.928000	1528101906	0	461565	2632236	ﬁã	ö›ã	
2.750000	freqmine	1	1132	32.000000	5.040000	0.927000	1508587017	0	458220	2518568	ﬁã	ö›ã	
3.000000	freqmine	1	1224	32.000000	5.040000	1.008000	1545436074	0	464938	2658619	ﬁã	ö›ã	
2.750000	freqmine	1	1224	32.000000	5.040000	1.088000	1523069696	0	460392	2512372	ﬁã	ö›ã	
2.750000	freqmine	1	1224	32.000000	5.040000	1.086000	1518020463	0	457722	2479891	ﬁã	ö›ã	
2.750000	freqmine	1	1428	32.000000	5.032000	1.408000	1547094590	0	456557	2515797	ﬁã	ö›ã	
2.500000	freqmine	1	1428	33.000000	5.032000	1.247000	1556434119	0	459833	2564594	ﬁã	ö›ã	
3.000000	freqmine	1	1428	33.000000	5.032000	1.408000	1570790652	0	464094	2634042	ﬁã	ö›ã	
3.250000	freqmine	1	1479	33.000000	5.032000	1.489000	1570591628	0	459785	2561503	ﬁã	ö›ã	
2.750000	freqmine	1	1479	32.000000	5.032000	1.449000	1564873035	0	459593	2556159	ﬁã	ö›ã	
2.750000	freqmine	1	1479	33.000000	5.032000	1.569000	1583255065	0	460124	2658347	ﬁã	ö›ã	
12.000000	streamcluster	1	102	31.000000	5.072000	0.243000	1417915624	0	527986	2527167	ﬁã	ö›ã	
18.250000	streamcluster	1	102	31.000000	5.080000	0.243000	1436857413	0	532338	2619821	ﬁã	ö›ã	
23.750000	streamcluster	1	102	31.000000	5.072000	0.243000	1432530119	0	532538	2601159	ﬁã	ö›ã	
6.750000	streamcluster	1	204	31.000000	5.064000	0.364000	1396456166	0	488616	2566546	ﬁã	ö›ã	
10.000000	streamcluster	1	204	31.000000	5.064000	0.364000	1409803100	0	491767	2674202	ﬁã	ö›ã	
8.250000	streamcluster	1	204	31.000000	5.064000	0.364000	1393723085	0	489203	2556252	ﬁã	ö›ã	
4.750000	streamcluster	1	307	31.000000	5.056000	0.444000	1391049431	0	475285	2543663	ﬁã	ö›ã	
5.250000	streamcluster	1	307	31.000000	5.056000	0.485000	1397118897	0	475433	2599669	ﬁã	ö›ã	
5.750000	streamcluster	1	307	31.000000	5.056000	0.444000	1400181758	0	476716	2602995	ﬁã	ö›ã	
4.500000	streamcluster	1	403	32.000000	5.056000	0.485000	1384856096	0	465556	2493825	ﬁã	ö›ã	
5.250000	streamcluster	1	403	31.000000	5.056000	0.525000	1400376084	0	470579	2581541	ﬁã	ö›ã	
4.250000	streamcluster	1	403	31.000000	5.056000	0.525000	1386193472	0	468009	2480515	ﬁã	ö›ã	
4.000000	streamcluster	1	518	31.000000	5.056000	0.566000	1400850228	0	464094	2525882	ﬁã	ö›ã	
4.000000	streamcluster	1	518	31.000000	5.048000	0.646000	1400944656	0	462016	2535955	ﬁã	ö›ã	
4.250000	streamcluster	1	518	31.000000	5.056000	0.566000	1414321622	0	464130	2598658	ﬁã	ö›ã	
5.000000	streamcluster	1	614	31.000000	5.056000	0.647000	1416355913	0	458909	2547737	ﬁã	ö›ã	
3.750000	streamcluster	1	614	31.000000	5.056000	0.647000	1432294338	0	464371	2649850	ﬁã	ö›ã	
5.000000	streamcluster	1	614	31.000000	5.056000	0.646000	1407989694	0	460635	2491205	ﬁã	ö›ã	
5.500000	streamcluster	1	710	31.000000	5.048000	0.686000	1429254654	0	461115	2580880	ﬁã	ö›ã	
3.500000	streamcluster	1	710	32.000000	5.048000	0.686000	1424649974	0	458901	2520802	ﬁã	ö›ã	
3.250000	streamcluster	1	710	32.000000	5.048000	0.726000	1426686346	0	459766	2524427	ﬁã	ö›ã	
3.000000	streamcluster	1	921	32.000000	5.048000	0.848000	1464998392	0	458977	2639033	ﬁã	ö›ã	
3.500000	streamcluster	1	921	32.000000	5.048000	0.848000	1457081306	0	455744	2577547	ﬁã	ö›ã	
3.000000	streamcluster	1	921	32.000000	5.048000	0.848000	1448630515	0	458086	2505265	ﬁã	ö›ã	
2.750000	streamcluster	1	1036	32.000000	5.048000	0.848000	1483750792	0	457146	2630240	ﬁã	ö›ã	
2.750000	streamcluster	1	1036	32.000000	5.048000	0.928000	1468419424	0	455942	2544806	ﬁã	ö›ã	
3.500000	streamcluster	1	1036	32.000000	5.048000	0.888000	1457923944	0	452167	2479528	ﬁã	ö›ã	
3.750000	streamcluster	1	1132	32.000000	5.048000	0.928000	1487880965	0	457061	2610632	ﬁã	ö›ã	
2.750000	streamcluster	1	1132	32.000000	5.048000	0.928000	1480818060	0	453744	2558349	ﬁã	ö›ã	
2.750000	streamcluster	1	1132	32.000000	5.048000	0.928000	1483260677	0	456370	2569456	ﬁã	ö›ã	
2.750000	streamcluster	1	1224	32.000000	5.048000	1.049000	1490126140	0	456446	2512398	ﬁã	ö›ã	
2.750000	streamcluster	1	1224	32.000000	5.048000	1.009000	1504603950	0	458171	2597648	ﬁã	ö›ã	
2.750000	streamcluster	1	1224	32.000000	5.048000	1.049000	1479602915	0	451108	2450409	ﬁã	ö›ã	
2.750000	streamcluster	1	1428	33.000000	5.040000	1.290000	1508715811	0	453309	2475956	ﬁã	ö›ã	
2.750000	streamcluster	1	1428	32.000000	5.040000	1.330000	1521080842	0	454656	2559101	ﬁã	ö›ã	
2.500000	streamcluster	1	1428	33.000000	5.040000	1.290000	1511630897	0	453345	2497396	ﬁã	ö›ã	
2.750000	streamcluster	1	1479	33.000000	5.040000	1.370000	1515176279	0	452330	2486542	ﬁã	ö›ã	
2.750000	streamcluster	1	1479	33.000000	5.040000	1.370000	1546111010	0	455374	2633325	ﬁã	ö›ã	
2.750000	streamcluster	1	1479	33.000000	5.040000	1.370000	1523701049	0	452399	2495544	ﬁã	ö›ã	
17.750000	vips	1	102	31.000000	5.072000	0.243000	1607459805	0	559706	2688350	ﬁã	ö›ã	
14.500000	vips	1	102	31.000000	5.072000	0.243000	1603660462	0	558841	2669384	ﬁã	ö›ã	
16.500000	vips	1	102	31.000000	5.072000	0.243000	1610368531	0	560093	2745230	ﬁã	ö›ã	
7.250000	vips	1	204	31.000000	5.072000	0.324000	1569843609	0	507203	2658214	ﬁã	ö›ã	
7.250000	vips	1	204	31.000000	5.072000	0.324000	1564716525	0	504886	2691879	ﬁã	ö›ã	
7.500000	vips	1	204	31.000000	5.072000	0.324000	1554022616	0	505208	2561976	ﬁã	ö›ã	
5.250000	vips	1	307	31.000000	5.072000	0.365000	1554773624	0	489639	2606964	ﬁã	ö›ã	
5.250000	vips	1	307	31.000000	5.072000	0.364000	1563585032	0	491689	2672469	ﬁã	ö›ã	
5.500000	vips	1	307	31.000000	5.072000	0.364000	1544141493	0	486767	2529428	ﬁã	ö›ã	
4.250000	vips	1	403	31.000000	5.072000	0.405000	1559588838	0	483040	2587236	ﬁã	ö›ã	
4.500000	vips	1	403	31.000000	5.072000	0.405000	1555544468	0	482749	2560950	ﬁã	ö›ã	
4.750000	vips	1	403	31.000000	5.064000	0.405000	1562184314	0	482295	2629700	ﬁã	ö›ã	
4.000000	vips	1	518	31.000000	5.072000	0.446000	1568211053	0	477980	2596358	ﬁã	ö›ã	
5.250000	vips	1	518	31.000000	5.072000	0.446000	1568143491	0	476956	2575889	ﬁã	ö›ã	
5.250000	vips	1	518	31.000000	5.064000	0.486000	1560565474	0	474681	2558138	ﬁã	ö›ã	
3.750000	vips	1	614	31.000000	5.072000	0.486000	1577420522	0	479180	2576356	ﬁã	ö›ã	
3.500000	vips	1	614	31.000000	5.064000	0.526000	1572980520	0	473764	2539203	ﬁã	ö›ã	
3.500000	vips	1	614	32.000000	5.072000	0.486000	1590040773	0	479145	2680177	ﬁã	ö›ã	
3.500000	vips	1	710	31.000000	5.072000	0.527000	1584057590	0	474792	2531745	ﬁã	ö›ã	
3.250000	vips	1	710	31.000000	5.064000	0.526000	1600109794	0	473866	2654847	ﬁã	ö›ã	
3.250000	vips	1	710	31.000000	5.064000	0.526000	1575450760	0	469824	2523467	ﬁã	ö›ã	
3.000000	vips	1	921	31.000000	5.064000	0.648000	1612157691	0	468785	2543046	ﬁã	ö›ã	
3.250000	vips	1	921	31.000000	5.064000	0.648000	1630582826	0	472896	2650048	ﬁã	ö›ã	
3.000000	vips	1	921	31.000000	5.064000	0.607000	1612187654	0	468277	2545596	ﬁã	ö›ã	
3.000000	vips	1	1036	31.000000	5.064000	0.729000	1631851368	0	469795	2558153	ﬁã	ö›ã	
2.750000	vips	1	1036	32.000000	5.064000	0.729000	1632810555	0	468072	2581942	ﬁã	ö›ã	
3.000000	vips	1	1036	32.000000	5.064000	0.728000	1637588264	0	470441	2571359	ﬁã	ö›ã	
3.000000	vips	1	1132	32.000000	5.064000	0.729000	1662311470	0	472509	2701930	ﬁã	ö›ã	
3.000000	vips	1	1132	32.000000	5.064000	0.768000	1638075856	0	467243	2558372	ﬁã	ö›ã	
2.750000	vips	1	1132	32.000000	5.064000	0.729000	1635630724	0	465615	2527698	ﬁã	ö›ã	
3.000000	vips	1	1224	32.000000	5.056000	0.889000	1660769298	0	471151	2596015	ﬁã	ö›ã	
3.000000	vips	1	1224	32.000000	5.056000	0.849000	1647079979	0	466377	2520325	ﬁã	ö›ã	
2.750000	vips	1	1224	32.000000	5.064000	0.849000	1652392314	0	468281	2565069	ﬁã	ö›ã	
2.750000	vips	1	1428	32.000000	5.048000	1.090000	1675381149	0	465959	2500675	ﬁã	ö›ã	
2.500000	vips	1	1428	33.000000	5.048000	1.090000	1669415525	0	464508	2492459	ﬁã	ö›ã	
2.750000	vips	1	1428	32.000000	5.048000	1.130000	1683526687	0	467763	2553623	ﬁã	ö›ã	
2.750000	vips	1	1479	32.000000	5.048000	1.171000	1702412181	0	468002	2653420	ﬁã	ö›ã	
2.500000	vips	1	1479	33.000000	5.048000	1.211000	1704947875	0	466507	2643589	ﬁã	ö›ã	
2.750000	vips	1	1479	32.000000	5.048000	1.211000	1700011883	0	469902	2644677	ﬁã	ö›ã	
13.750000	x264	1	102	31.000000	5.072000	0.243000	1436059428	0	534874	2567234	ﬁã	ö›ã	
14.000000	x264	1	102	31.000000	5.072000	0.243000	1450904368	0	538530	2707308	ﬁã	ö›ã	
14.500000	x264	1	102	31.000000	5.072000	0.243000	1441391223	0	535844	2626231	ﬁã	ö›ã	
7.000000	x264	1	204	31.000000	5.072000	0.365000	1417116860	0	496152	2631262	ﬁã	ö›ã	
7.000000	x264	1	204	31.000000	5.072000	0.324000	1410441214	0	494475	2606908	ﬁã	ö›ã	
6.750000	x264	1	204	31.000000	5.072000	0.324000	1407197355	0	494130	2590055	ﬁã	ö›ã	
5.000000	x264	1	307	31.000000	5.072000	0.365000	1393179553	0	476552	2536152	ﬁã	ö›ã	
5.250000	x264	1	307	31.000000	5.072000	0.365000	1403022485	0	479216	2575609	ﬁã	ö›ã	
5.250000	x264	1	307	31.000000	5.072000	0.365000	1393997749	0	477823	2507083	ﬁã	ö›ã	
5.750000	x264	1	403	31.000000	5.072000	0.405000	1405929250	0	473038	2549586	ﬁã	ö›ã	
5.750000	x264	1	403	31.000000	5.072000	0.405000	1411426078	0	472636	2584430	ﬁã	ö›ã	
4.500000	x264	1	403	31.000000	5.072000	0.405000	1403979158	0	470824	2563529	ﬁã	ö›ã	
3.750000	x264	1	518	31.000000	5.072000	0.446000	1421859141	0	467804	2609579	ﬁã	ö›ã	
4.250000	x264	1	518	31.000000	5.072000	0.405000	1407503486	0	466176	2522671	ﬁã	ö›ã	
4.000000	x264	1	518	31.000000	5.072000	0.446000	1434575316	0	469565	2689117	ﬁã	ö›ã	
3.500000	x264	1	614	31.000000	5.072000	0.446000	1421574231	0	464660	2521938	ﬁã	ö›ã	
3.500000	x264	1	614	31.000000	5.072000	0.446000	1432613515	0	465175	2577288	ﬁã	ö›ã	
3.500000	x264	1	614	31.000000	5.072000	0.446000	1426627168	0	464543	2566425	ﬁã	ö›ã	
3.000000	x264	1	710	31.000000	5.072000	0.486000	1428357390	0	461777	2493752	ﬁã	ö›ã	
3.000000	x264	1	710	31.000000	5.072000	0.486000	1442568815	0	465498	2570741	ﬁã	ö›ã	
3.000000	x264	1	710	31.000000	5.072000	0.486000	1426110963	0	461767	2481198	ﬁã	ö›ã	
3.000000	x264	1	921	31.000000	5.072000	0.568000	1456649572	0	458849	2498428	ﬁã	ö›ã	
3.000000	x264	1	921	31.000000	5.072000	0.567000	1469440834	0	461776	2570648	ﬁã	ö›ã	
3.000000	x264	1	921	31.000000	5.064000	0.567000	1458217637	0	459889	2484469	ﬁã	ö›ã	
2.500000	x264	1	1036	32.000000	5.064000	0.607000	1478768460	0	460381	2532700	ﬁã	ö›ã	
3.000000	x264	1	1036	31.000000	5.064000	0.648000	1483233464	0	459184	2561384	ﬁã	ö›ã	
2.500000	x264	1	1036	32.000000	5.064000	0.607000	1473158984	0	458143	2515442	ﬁã	ö›ã	
3.000000	x264	1	1132	32.000000	5.056000	0.808000	1493004601	0	458556	2588734	ﬁã	ö›ã	
3.000000	x264	1	1132	31.000000	5.064000	0.648000	1513634248	0	460009	2643245	ﬁã	ö›ã	
3.000000	x264	1	1132	31.000000	5.064000	0.648000	1490398409	0	459064	2552705	ﬁã	ö›ã	
3.000000	x264	1	1224	32.000000	5.064000	0.729000	1500194258	0	456758	2505350	ﬁã	ö›ã	
3.000000	x264	1	1224	32.000000	5.064000	0.729000	1508556968	0	458712	2560822	ﬁã	ö›ã	
3.000000	x264	1	1224	32.000000	5.064000	0.729000	1506408607	0	457972	2550537	ﬁã	ö›ã	
2.500000	x264	1	1428	32.000000	5.048000	1.211000	1526814583	0	456255	2492612	ﬁã	ö›ã	
3.000000	x264	1	1428	32.000000	5.056000	0.970000	1552563876	0	460024	2655933	ﬁã	ö›ã	
3.000000	x264	1	1428	31.000000	5.056000	0.930000	1534996577	0	457045	2573715	ﬁã	ö›ã	
2.500000	x264	1	1479	32.000000	5.056000	0.970000	1532516071	0	457467	2503910	ﬁã	ö›ã	
3.000000	x264	1	1479	32.000000	5.056000	0.970000	1541440960	0	457391	2558230	ﬁã	ö›ã	
2.500000	x264	1	1479	32.000000	5.056000	0.970000	1532980031	0	456408	2511545	ﬁã	ö›ã	
