Run Duration (ms)	Benchmark	Run(#)	CPU Frequency (MHz)	CPU Temperature(C)	Voltage[V]	Power[W]	CPU_CYCLES	L1D_TLB_REFILL	INST_RETIRED	EXC_TAKEN	EXC_RETURN	CID_WRITE_RETIRED
17.000000	blackscholes	1	102	36.000000	5.072000	0.284000	1446073437	5112272	1085557211	127612	127612	0	
19.500000	blackscholes	1	102	36.000000	5.072000	0.243000	1451007193	5135842	1089648003	128297	128297	0	
17.000000	blackscholes	1	102	36.000000	5.064000	0.243000	1448301462	5171968	1084307430	127843	127843	0	
8.500000	blackscholes	1	204	36.000000	5.056000	0.364000	1402512628	4977839	1063383427	125062	125062	0	
8.000000	blackscholes	1	204	36.000000	5.056000	0.404000	1407831416	4987530	1069833009	125758	125758	0	
9.500000	blackscholes	1	204	36.000000	5.056000	0.364000	1412366436	4952275	1071885244	125731	125731	0	
5.000000	blackscholes	1	307	36.000000	5.056000	0.444000	1414200661	4959473	1069381272	125840	125840	0	
5.000000	blackscholes	1	307	36.000000	5.048000	0.485000	1407601099	4916556	1064433378	125064	125064	0	
5.000000	blackscholes	1	307	36.000000	5.056000	0.485000	1401191852	4909235	1060814977	124952	124952	0	
5.000000	blackscholes	1	403	36.000000	5.056000	0.525000	1405029470	4899010	1056821784	124285	124285	0	
4.500000	blackscholes	1	403	36.000000	5.056000	0.525000	1400921181	4878687	1050503663	124098	124098	0	
4.500000	blackscholes	1	403	36.000000	5.056000	0.525000	1406802749	4894257	1053292251	124170	124170	0	
4.000000	blackscholes	1	518	36.000000	5.048000	0.605000	1408426402	4883967	1046995187	123641	123641	0	
4.000000	blackscholes	1	518	36.000000	5.048000	0.605000	1409228790	4847125	1049579906	123913	123913	0	
3.500000	blackscholes	1	518	36.000000	5.048000	0.605000	1411867412	4836229	1049138030	123688	123688	0	
3.500000	blackscholes	1	614	36.000000	5.048000	0.686000	1419859630	4870599	1043722354	123416	123416	0	
3.500000	blackscholes	1	614	36.000000	5.048000	0.686000	1423876682	4816610	1049613354	123621	123621	0	
3.500000	blackscholes	1	614	36.000000	5.048000	0.686000	1423606502	4889074	1047183651	123661	123661	0	
3.500000	blackscholes	1	710	36.000000	5.048000	0.767000	1439411669	4890938	1052927046	123868	123868	0	
4.000000	blackscholes	1	710	36.000000	5.048000	0.726000	1453297987	4922410	1063533335	124868	124868	0	
4.500000	blackscholes	1	710	36.000000	5.048000	0.726000	1442247144	4845822	1052594009	123816	123816	0	
3.000000	blackscholes	1	921	36.000000	5.040000	0.887000	1479120145	4845850	1059592941	124645	124645	0	
5.000000	blackscholes	1	921	36.000000	5.040000	0.848000	1469185791	4814575	1051034686	123977	123977	0	
3.500000	blackscholes	1	921	36.000000	5.040000	0.887000	1487913980	4912862	1066875333	124934	124934	0	
3.000000	blackscholes	1	1036	37.000000	5.040000	0.967000	1474814806	4814886	1043740412	123236	123236	0	
3.000000	blackscholes	1	1036	36.000000	5.040000	0.967000	1484254786	4803332	1053189478	124104	124104	0	
3.000000	blackscholes	1	1036	37.000000	5.040000	0.967000	1498518163	4930809	1063282440	124591	124591	0	
3.000000	blackscholes	1	1132	37.000000	5.040000	0.967000	1478745105	4791204	1042963141	123226	123226	0	
3.000000	blackscholes	1	1132	36.000000	5.040000	1.008000	1490065957	4810270	1046813147	123315	123315	0	
3.500000	blackscholes	1	1132	36.000000	5.040000	0.967000	1487280026	4799842	1050755179	124193	124193	0	
2.500000	blackscholes	1	1224	37.000000	5.040000	1.088000	1499533528	4805164	1042341420	123495	123495	0	
3.000000	blackscholes	1	1224	37.000000	5.040000	1.088000	1505310390	4814337	1052290167	124095	124095	0	
3.000000	blackscholes	1	1224	36.000000	5.040000	1.128000	1499133178	4809600	1042823313	122934	122934	0	
2.500000	blackscholes	1	1428	37.000000	5.032000	1.368000	1536718190	4845495	1055567882	124133	124133	0	
2.500000	blackscholes	1	1428	37.000000	5.032000	1.368000	1518164911	4812304	1040968296	122789	122789	0	
2.500000	blackscholes	1	1428	37.000000	5.032000	1.328000	1529826103	4814120	1048317061	123428	123428	0	
3.000000	blackscholes	1	1479	37.000000	5.032000	1.408000	1536663454	4794059	1049661587	123448	123448	0	
2.500000	blackscholes	1	1479	37.000000	5.032000	1.449000	1552441960	4831641	1059128364	124365	124365	0	
3.000000	blackscholes	1	1479	37.000000	5.032000	1.408000	1543997538	4799330	1050368808	123485	123485	0	
17.500000	bodytrack	1	102	36.000000	5.072000	0.243000	1686379320	5371393	1428384185	133672	133672	0	
15.500000	bodytrack	1	102	35.000000	5.072000	0.243000	1692201992	5364504	1432069012	134254	134254	0	
23.500000	bodytrack	1	102	35.000000	5.064000	0.243000	1685596199	5369081	1427772596	132929	132929	0	
7.000000	bodytrack	1	204	35.000000	5.064000	0.324000	1648180131	5138832	1408470785	130355	130355	0	
13.000000	bodytrack	1	204	35.000000	5.064000	0.324000	1643878881	5178524	1406834310	130465	130465	0	
6.000000	bodytrack	1	204	35.000000	5.072000	0.324000	1633688905	5136816	1401946476	130433	130433	0	
6.000000	bodytrack	1	307	35.000000	5.064000	0.364000	1635678345	5151538	1396017579	129479	129479	0	
6.000000	bodytrack	1	307	35.000000	5.064000	0.364000	1645493731	5128461	1406336874	129650	129650	0	
5.500000	bodytrack	1	307	36.000000	5.064000	0.364000	1642595373	5078880	1403693755	129967	129967	0	
4.500000	bodytrack	1	403	36.000000	5.064000	0.405000	1640504510	5089316	1391044908	128842	128842	0	
4.500000	bodytrack	1	403	35.000000	5.064000	0.445000	1636074996	5083303	1392420485	128717	128717	0	
4.500000	bodytrack	1	403	36.000000	5.064000	0.445000	1647235887	5018439	1398222288	129276	129276	0	
4.500000	bodytrack	1	518	36.000000	5.064000	0.445000	1659453550	5101624	1394949592	129399	129399	0	
4.000000	bodytrack	1	518	36.000000	5.064000	0.445000	1654933865	4992704	1393644949	128726	128726	0	
4.500000	bodytrack	1	518	36.000000	5.072000	0.446000	1648047024	5019712	1388526527	128354	128354	0	
3.500000	bodytrack	1	614	36.000000	5.064000	0.526000	1665253937	5059637	1390187359	128883	128883	0	
3.500000	bodytrack	1	614	36.000000	5.064000	0.567000	1665753132	5036581	1393776668	128917	128917	0	
3.500000	bodytrack	1	614	36.000000	5.064000	0.526000	1671488984	5059679	1399793887	129221	129221	0	
3.500000	bodytrack	1	710	36.000000	5.056000	0.566000	1678274234	5010900	1391703620	128654	128654	0	
3.000000	bodytrack	1	710	36.000000	5.056000	0.566000	1681014179	5039631	1393230799	128948	128948	0	
3.000000	bodytrack	1	710	36.000000	5.056000	0.606000	1684687279	5046959	1396344125	129124	129124	0	
2.500000	bodytrack	1	921	36.000000	5.056000	0.726000	1715161793	5022029	1394634250	128650	128650	0	
2.500000	bodytrack	1	921	37.000000	5.056000	0.728000	1699102777	4997695	1379609484	127969	127969	0	
3.000000	bodytrack	1	921	36.000000	5.056000	0.726000	1709241995	5032580	1387843435	128336	128336	0	
3.000000	bodytrack	1	1036	37.000000	5.048000	0.848000	1742622341	5007567	1399422090	128982	128982	0	
3.000000	bodytrack	1	1036	36.000000	5.048000	0.848000	1717517567	4984760	1379885600	127946	127946	0	
3.000000	bodytrack	1	1036	36.000000	5.048000	0.848000	1729299337	5009348	1391567615	128874	128874	0	
3.000000	bodytrack	1	1132	36.000000	5.048000	0.888000	1735367656	4966404	1391270064	128414	128414	0	
3.000000	bodytrack	1	1132	36.000000	5.048000	0.848000	1736319738	4994055	1391360789	128508	128508	0	
3.000000	bodytrack	1	1132	36.000000	5.048000	0.848000	1730461984	4991786	1388388835	128215	128215	0	
3.000000	bodytrack	1	1224	37.000000	5.048000	0.969000	1744515440	4973877	1381967531	127872	127872	0	
3.000000	bodytrack	1	1224	36.000000	5.048000	0.969000	1753284614	4987323	1392302757	129144	129144	0	
2.500000	bodytrack	1	1224	36.000000	5.048000	0.969000	1752713707	5020455	1394445095	129363	129363	0	
2.500000	bodytrack	1	1428	38.000000	5.040000	1.209000	1780504818	5016425	1390023753	128502	128502	0	
3.000000	bodytrack	1	1428	37.000000	5.040000	1.249000	1786573959	5042751	1395487033	128925	128925	0	
2.500000	bodytrack	1	1428	38.000000	5.040000	1.209000	1783684055	4973779	1385031140	128236	128236	0	
3.500000	bodytrack	1	1479	37.000000	5.032000	1.288000	1796691721	5004217	1391651357	128827	128827	0	
2.500000	bodytrack	1	1479	37.000000	5.032000	1.328000	1793742025	5028400	1391133752	128928	128928	0	
2.500000	bodytrack	1	1479	37.000000	5.032000	1.328000	1775995701	4991981	1379561263	127684	127684	0	
18.000000	dedup	1	102	35.000000	5.072000	0.243000	1459688890	5169623	1100100895	129385	129385	0	
15.500000	dedup	1	102	35.000000	5.072000	0.243000	1458702481	5128567	1098541230	129100	129100	0	
24.500000	dedup	1	102	35.000000	5.072000	0.243000	1454788390	5142314	1096491707	128776	128776	0	
8.000000	dedup	1	204	35.000000	5.064000	0.364000	1417531615	5019104	1078046853	126698	126698	0	
8.000000	dedup	1	204	35.000000	5.064000	0.405000	1422486144	4974704	1086425936	127251	127251	0	
12.000000	dedup	1	204	35.000000	5.064000	0.364000	1423105233	4970844	1080407524	126862	126862	0	
6.000000	dedup	1	307	35.000000	5.056000	0.485000	1412458586	4864494	1072783247	125975	125975	0	
5.000000	dedup	1	307	35.000000	5.056000	0.444000	1419127071	4936617	1075253282	126732	126732	0	
5.500000	dedup	1	307	36.000000	5.056000	0.444000	1418879291	4887394	1076615384	126424	126424	0	
4.500000	dedup	1	403	36.000000	5.056000	0.525000	1411942448	4863618	1063931260	125640	125640	0	
4.500000	dedup	1	403	36.000000	5.056000	0.525000	1411014059	4871651	1061957682	124983	124983	0	
6.500000	dedup	1	403	36.000000	5.056000	0.525000	1420148810	4893599	1068937950	125653	125653	0	
3.500000	dedup	1	518	36.000000	5.048000	0.605000	1434755375	4872997	1072243478	126114	126114	0	
4.000000	dedup	1	518	36.000000	5.048000	0.646000	1415933071	4839103	1057768629	124545	124545	0	
3.500000	dedup	1	518	36.000000	5.048000	0.565000	1434727872	4905311	1069800833	125799	125799	0	
3.500000	dedup	1	614	36.000000	5.048000	0.646000	1440407485	4835459	1063005060	125210	125210	0	
3.500000	dedup	1	614	36.000000	5.048000	0.686000	1434369954	4804819	1057802795	125029	125029	0	
3.500000	dedup	1	614	36.000000	5.048000	0.686000	1436333542	4825418	1058247502	124882	124882	0	
3.500000	dedup	1	710	36.000000	5.040000	0.766000	1459508623	4908351	1067888155	125771	125771	0	
3.500000	dedup	1	710	36.000000	5.048000	0.767000	1458327923	4877470	1066326432	125389	125389	0	
3.500000	dedup	1	710	36.000000	5.040000	0.766000	1471500169	4914241	1078030833	126049	126049	0	
2.500000	dedup	1	921	36.000000	5.040000	0.846000	1468215962	4800733	1051786659	124321	124321	0	
3.000000	dedup	1	921	36.000000	5.040000	0.887000	1487399180	4835683	1066128605	124888	124888	0	
2.500000	dedup	1	921	36.000000	5.040000	0.846000	1490902049	4869074	1067448167	125407	125407	0	
3.000000	dedup	1	1036	36.000000	5.040000	0.927000	1497393784	4864156	1061604033	124916	124916	0	
3.000000	dedup	1	1036	37.000000	5.040000	1.008000	1493708340	4846728	1057297130	124969	124969	0	
2.500000	dedup	1	1036	36.000000	5.040000	0.967000	1489637775	4801738	1054910608	124747	124747	0	
3.000000	dedup	1	1132	36.000000	5.040000	0.927000	1506247479	4867672	1063272490	125382	125382	0	
2.500000	dedup	1	1132	36.000000	5.032000	1.046000	1509671952	4827962	1066262294	125061	125061	0	
3.000000	dedup	1	1132	36.000000	5.040000	0.967000	1507513474	4872716	1061004825	124944	124944	0	
3.000000	dedup	1	1224	36.000000	5.040000	1.128000	1523733970	4834237	1068788729	125486	125486	0	
3.000000	dedup	1	1224	37.000000	5.040000	1.167000	1518033726	4840499	1059730389	124733	124733	0	
3.000000	dedup	1	1224	36.000000	5.040000	1.048000	1523233285	4784765	1063659782	125194	125194	0	
2.500000	dedup	1	1428	37.000000	5.024000	1.366000	1552586032	4864821	1062258675	124766	124766	0	
2.500000	dedup	1	1428	37.000000	5.024000	1.446000	1576109289	4928380	1083074411	127015	127015	0	
2.500000	dedup	1	1428	37.000000	5.024000	1.366000	1540477336	4805795	1054914064	124010	124010	0	
3.000000	dedup	1	1479	37.000000	5.024000	1.487000	1544144514	4838593	1055919914	124459	124459	0	
2.500000	dedup	1	1479	37.000000	5.024000	1.487000	1561897495	4813702	1057182487	125023	125023	0	
2.500000	dedup	1	1479	37.000000	5.032000	1.368000	1564836591	4807213	1063474087	125232	125232	0	
19.500000	ferret	1	102	35.000000	5.072000	0.243000	1462963222	5124968	1107194469	128517	128517	0	
18.500000	ferret	1	102	35.000000	5.064000	0.283000	1474122284	5185535	1119914019	129195	129195	0	
14.000000	ferret	1	102	35.000000	5.072000	0.243000	1460248033	5160336	1102956350	128570	128570	0	
6.500000	ferret	1	204	35.000000	5.064000	0.324000	1427742362	4976443	1088078086	126689	126689	0	
7.000000	ferret	1	204	36.000000	5.072000	0.324000	1438622253	4962190	1093203847	126551	126551	0	
6.500000	ferret	1	204	35.000000	5.064000	0.324000	1436607132	5018626	1092395690	126428	126428	0	
5.500000	ferret	1	307	35.000000	5.072000	0.364000	1436176323	4956484	1093384340	126897	126897	0	
5.500000	ferret	1	307	35.000000	5.072000	0.365000	1443482527	4940446	1098125738	126745	126745	0	
6.500000	ferret	1	307	35.000000	5.072000	0.365000	1429085988	4895444	1087017879	126452	126452	0	
5.000000	ferret	1	403	35.000000	5.072000	0.405000	1447587581	4902432	1094638934	126440	126440	0	
4.500000	ferret	1	403	35.000000	5.064000	0.445000	1443060904	4872979	1087943779	125862	125862	0	
5.500000	ferret	1	403	35.000000	5.072000	0.405000	1435530300	4934146	1080931647	125818	125818	0	
4.000000	ferret	1	518	35.000000	5.064000	0.445000	1453320228	4930812	1083815022	125527	125527	0	
4.000000	ferret	1	518	35.000000	5.072000	0.446000	1452464181	4917890	1082917168	125433	125433	0	
4.000000	ferret	1	518	35.000000	5.072000	0.446000	1447434307	4910072	1079369639	125134	125134	0	
4.000000	ferret	1	614	35.000000	5.072000	0.486000	1468172150	4925809	1088917669	126192	126192	0	
3.500000	ferret	1	614	35.000000	5.064000	0.445000	1453631248	4946713	1073320498	125126	125126	0	
3.500000	ferret	1	614	36.000000	5.072000	0.486000	1453263481	4911142	1074013595	124955	124955	0	
3.500000	ferret	1	710	35.000000	5.064000	0.486000	1468121729	4853707	1073455619	124635	124635	0	
3.500000	ferret	1	710	35.000000	5.064000	0.486000	1469266197	4872537	1076327225	124893	124893	0	
3.500000	ferret	1	710	35.000000	5.072000	0.486000	1470683651	4878328	1076761482	124831	124831	0	
2.500000	ferret	1	921	36.000000	5.064000	0.607000	1500733047	4829504	1075674096	124681	124681	0	
3.000000	ferret	1	921	36.000000	5.064000	0.567000	1509554272	4921739	1086495240	125884	125884	0	
3.000000	ferret	1	921	36.000000	5.064000	0.607000	1513580131	4891364	1088717304	125606	125606	0	
2.500000	ferret	1	1036	36.000000	5.064000	0.607000	1520297781	4886056	1079593947	125580	125580	0	
3.000000	ferret	1	1036	35.000000	5.064000	0.688000	1516443995	4843850	1075318682	124643	124643	0	
2.500000	ferret	1	1036	36.000000	5.064000	0.648000	1525549955	4860956	1086547580	125872	125872	0	
2.500000	ferret	1	1132	36.000000	5.064000	0.648000	1520934333	4885626	1075620237	124712	124712	0	
2.500000	ferret	1	1132	36.000000	5.064000	0.648000	1536393159	4901666	1088730888	126151	126151	0	
2.500000	ferret	1	1132	36.000000	5.064000	0.648000	1517980640	4881428	1075785066	125070	125070	0	
3.000000	ferret	1	1224	36.000000	5.064000	0.729000	1554264235	4930568	1089310286	125613	125613	0	
3.000000	ferret	1	1224	36.000000	5.064000	0.729000	1534002604	4777022	1073525324	124680	124680	0	
2.500000	ferret	1	1224	37.000000	5.064000	0.728000	1541690604	4899464	1081400365	125160	125160	0	
3.500000	ferret	1	1428	36.000000	5.056000	0.930000	1556286771	4845752	1067764626	124221	124221	0	
3.000000	ferret	1	1428	36.000000	5.048000	0.928000	1565407530	4868063	1074433854	124850	124850	0	
3.000000	ferret	1	1428	36.000000	5.056000	0.930000	1562831673	4853515	1075844188	125150	125150	0	
2.500000	ferret	1	1479	36.000000	5.056000	0.970000	1569445057	4869582	1074183253	124564	124564	0	
2.500000	ferret	1	1479	37.000000	5.056000	0.969000	1567784428	4853466	1070318128	124248	124248	0	
2.500000	ferret	1	1479	37.000000	5.048000	1.009000	1561376505	4850985	1068603264	124228	124228	0	
17.000000	fluidanimate	1	102	35.000000	5.072000	0.243000	1483617313	5178552	1138344141	129037	129037	0	
24.000000	fluidanimate	1	102	35.000000	5.072000	0.243000	1489634139	5114445	1141073394	129428	129428	0	
20.500000	fluidanimate	1	102	35.000000	5.064000	0.283000	1477793029	5125529	1127587953	128041	128041	0	
9.000000	fluidanimate	1	204	35.000000	5.056000	0.364000	1464934408	5035948	1133836426	127840	127840	0	
8.500000	fluidanimate	1	204	35.000000	5.064000	0.364000	1443535027	4990249	1118633141	127138	127138	0	
7.000000	fluidanimate	1	204	36.000000	5.064000	0.364000	1463850932	5041405	1132156041	127753	127753	0	
5.500000	fluidanimate	1	307	36.000000	5.056000	0.444000	1453061973	4899111	1118752014	126565	126565	0	
5.000000	fluidanimate	1	307	36.000000	5.056000	0.444000	1451423818	4913490	1117436923	126773	126773	0	
6.000000	fluidanimate	1	307	35.000000	5.056000	0.444000	1457082374	4961996	1122783704	127195	127195	0	
4.000000	fluidanimate	1	403	35.000000	5.056000	0.485000	1451967928	4958366	1112602412	125940	125940	0	
4.500000	fluidanimate	1	403	35.000000	5.056000	0.485000	1469753780	4928643	1125778734	127031	127031	0	
4.500000	fluidanimate	1	403	35.000000	5.056000	0.485000	1450363323	4931588	1109199412	126238	126238	0	
4.000000	fluidanimate	1	518	35.000000	5.056000	0.606000	1463646816	4908662	1107771653	126065	126065	0	
4.000000	fluidanimate	1	518	36.000000	5.048000	0.605000	1462379663	4889994	1112563570	125856	125856	0	
4.500000	fluidanimate	1	518	35.000000	5.056000	0.605000	1455348146	4879821	1102614629	125297	125297	0	
3.500000	fluidanimate	1	614	36.000000	5.048000	0.646000	1481042374	4911445	1111488904	125904	125904	0	
3.500000	fluidanimate	1	614	35.000000	5.048000	0.646000	1476286836	4897103	1108983229	125889	125889	0	
4.500000	fluidanimate	1	614	36.000000	5.048000	0.646000	1472624346	4934778	1105722896	125641	125641	0	
3.500000	fluidanimate	1	710	36.000000	5.048000	0.726000	1494776901	4940049	1114783652	126410	126410	0	
3.500000	fluidanimate	1	710	36.000000	5.048000	0.686000	1498067527	4961318	1114679994	126445	126445	0	
3.500000	fluidanimate	1	710	36.000000	5.048000	0.726000	1490952981	4896050	1108943878	125783	125783	0	
3.000000	fluidanimate	1	921	36.000000	5.040000	0.848000	1524803741	4948626	1111097279	125867	125867	0	
3.500000	fluidanimate	1	921	36.000000	5.040000	0.846000	1519127762	4846435	1108367494	125998	125998	0	
3.000000	fluidanimate	1	921	36.000000	5.048000	0.807000	1514594028	4855930	1102841026	125284	125284	0	
2.500000	fluidanimate	1	1036	36.000000	5.040000	0.887000	1538130090	4922553	1105844172	125312	125312	0	
2.500000	fluidanimate	1	1036	36.000000	5.040000	0.927000	1523603636	4825297	1095576563	125180	125180	0	
3.000000	fluidanimate	1	1036	36.000000	5.032000	1.006000	1527329380	4863143	1103964526	125090	125090	0	
3.000000	fluidanimate	1	1132	36.000000	5.040000	0.927000	1538651437	4847158	1106741478	125493	125493	0	
3.000000	fluidanimate	1	1132	36.000000	5.040000	0.927000	1560562210	4931431	1125036422	126838	126838	0	
2.500000	fluidanimate	1	1132	36.000000	5.032000	0.966000	1553754281	4877832	1120640630	126624	126624	0	
3.000000	fluidanimate	1	1224	36.000000	5.032000	1.167000	1566693108	4863361	1116036644	126158	126158	0	
3.000000	fluidanimate	1	1224	36.000000	5.032000	1.086000	1549524210	4784359	1098821497	124733	124733	0	
2.500000	fluidanimate	1	1224	36.000000	5.032000	1.167000	1561668749	4873454	1109082746	125736	125736	0	
3.000000	fluidanimate	1	1428	37.000000	5.024000	1.527000	1577238669	4875182	1098431017	124702	124702	0	
3.000000	fluidanimate	1	1428	38.000000	5.024000	1.487000	1584750704	4793357	1105635561	125417	125417	0	
2.500000	fluidanimate	1	1428	37.000000	5.032000	1.207000	1595674513	4900670	1112630172	126289	126289	0	
2.500000	fluidanimate	1	1479	38.000000	5.024000	1.564000	1606486436	4908818	1119578176	126456	126456	0	
2.500000	fluidanimate	1	1479	37.000000	5.024000	1.487000	1595912483	4884045	1104921889	125436	125436	0	
2.500000	fluidanimate	1	1479	38.000000	5.024000	1.487000	1608790344	4939274	1117296762	126627	126627	0	
14.000000	freqmine	1	102	35.000000	5.072000	0.243000	1477593754	5149869	1124686501	129290	129290	0	
20.000000	freqmine	1	102	35.000000	5.072000	0.243000	1475125075	5129498	1117740589	129179	129179	0	
16.500000	freqmine	1	102	35.000000	5.072000	0.243000	1467245583	5150488	1110840907	128323	128323	0	
8.000000	freqmine	1	204	35.000000	5.064000	0.364000	1440882186	5040790	1103457871	126994	126994	0	
10.000000	freqmine	1	204	35.000000	5.064000	0.364000	1437221528	5023211	1106586241	126839	126839	0	
8.500000	freqmine	1	204	36.000000	5.064000	0.364000	1422818370	4980431	1088412244	125424	125424	0	
5.500000	freqmine	1	307	35.000000	5.056000	0.444000	1424452306	4949098	1088571084	125676	125676	0	
5.000000	freqmine	1	307	36.000000	5.056000	0.444000	1424741368	4915441	1089795317	125224	125224	0	
5.500000	freqmine	1	307	36.000000	5.056000	0.444000	1434888745	4963757	1096739736	126341	126341	0	
5.000000	freqmine	1	403	35.000000	5.056000	0.485000	1425838806	4912669	1082751442	124909	124909	0	
4.500000	freqmine	1	403	35.000000	5.056000	0.525000	1427979005	4930145	1082112192	124468	124468	0	
4.500000	freqmine	1	403	36.000000	5.056000	0.485000	1427797654	4912586	1083314340	125165	125165	0	
4.000000	freqmine	1	518	36.000000	5.048000	0.565000	1455550374	4907688	1094207503	125827	125827	0	
3.500000	freqmine	1	518	36.000000	5.048000	0.565000	1437784361	4888233	1084784640	124964	124964	0	
3.500000	freqmine	1	518	36.000000	5.048000	0.565000	1439391271	4898031	1083734950	124838	124838	0	
3.500000	freqmine	1	614	36.000000	5.048000	0.605000	1469022080	4896230	1097250789	126302	126302	0	
3.500000	freqmine	1	614	36.000000	5.048000	0.646000	1454715444	4885003	1083823318	125197	125197	0	
3.500000	freqmine	1	614	36.000000	5.048000	0.605000	1453774935	4902954	1083044639	124980	124980	0	
3.500000	freqmine	1	710	36.000000	5.048000	0.686000	1470944932	4879176	1086477431	125123	125123	0	
4.500000	freqmine	1	710	36.000000	5.048000	0.686000	1488389313	4951553	1098264146	126157	126157	0	
4.000000	freqmine	1	710	36.000000	5.048000	0.726000	1472324042	4902730	1088239161	125270	125270	0	
3.500000	freqmine	1	921	36.000000	5.048000	0.807000	1493655892	4847635	1081238486	124666	124666	0	
4.000000	freqmine	1	921	37.000000	5.040000	0.846000	1499641589	4888687	1083163735	125057	125057	0	
4.000000	freqmine	1	921	37.000000	5.040000	0.887000	1490500896	4826740	1075001804	124119	124119	0	
3.000000	freqmine	1	1036	36.000000	5.040000	0.927000	1518016287	4906702	1085894400	124812	124812	0	
3.000000	freqmine	1	1036	36.000000	5.040000	0.927000	1502342476	4876457	1075077735	124177	124177	0	
3.000000	freqmine	1	1036	36.000000	5.040000	0.927000	1507975021	4840644	1075478366	124185	124185	0	
3.000000	freqmine	1	1132	36.000000	5.040000	0.927000	1514030534	4867573	1076361788	124302	124302	0	
3.000000	freqmine	1	1132	36.000000	5.040000	0.967000	1523916139	4903028	1079425617	125005	125005	0	
3.000000	freqmine	1	1132	36.000000	5.040000	0.887000	1515963815	4833642	1078203849	124250	124250	0	
2.500000	freqmine	1	1224	37.000000	5.032000	1.046000	1528375829	4863603	1074200912	124071	124071	0	
3.000000	freqmine	1	1224	37.000000	5.032000	1.127000	1521828001	4815561	1070427807	123830	123830	0	
2.500000	freqmine	1	1224	37.000000	5.032000	1.086000	1518400226	4828036	1069123600	123567	123567	0	
3.000000	freqmine	1	1428	37.000000	5.024000	1.406000	1559092480	4840524	1074623787	124033	124033	0	
2.500000	freqmine	1	1428	38.000000	5.032000	1.247000	1545252468	4800545	1067931390	123655	123655	0	
2.500000	freqmine	1	1428	37.000000	5.032000	1.288000	1557407291	4830378	1081912255	124616	124616	0	
3.000000	freqmine	1	1479	38.000000	5.024000	1.446000	1569129097	4829784	1081077416	124390	124390	0	
3.000000	freqmine	1	1479	38.000000	5.024000	1.406000	1554248489	4813534	1071320706	123850	123850	0	
2.500000	freqmine	1	1479	38.000000	5.024000	1.366000	1573198982	4802527	1080423320	124654	124654	0	
22.000000	streamcluster	1	102	36.000000	5.072000	0.243000	1421088337	5012723	1072710972	125735	125735	0	
19.000000	streamcluster	1	102	36.000000	5.072000	0.243000	1436199200	5088740	1081905885	126655	126655	0	
20.500000	streamcluster	1	102	35.000000	5.064000	0.243000	1436883027	5064846	1084000868	127171	127171	0	
8.000000	streamcluster	1	204	35.000000	5.056000	0.364000	1414312123	4914412	1082914998	125903	125903	0	
8.000000	streamcluster	1	204	36.000000	5.056000	0.364000	1383980146	4902855	1055235306	123594	123594	0	
7.500000	streamcluster	1	204	36.000000	5.064000	0.364000	1401365759	4920453	1065995493	124842	124842	0	
6.000000	streamcluster	1	307	36.000000	5.056000	0.485000	1390995182	4877606	1055879766	123536	123536	0	
5.000000	streamcluster	1	307	36.000000	5.056000	0.485000	1400812664	4887583	1062863305	124220	124220	0	
5.000000	streamcluster	1	307	36.000000	5.056000	0.444000	1394596380	4833952	1057354056	123926	123926	0	
4.500000	streamcluster	1	403	35.000000	5.056000	0.485000	1411026282	4890571	1067883808	124269	124269	0	
4.500000	streamcluster	1	403	36.000000	5.048000	0.525000	1411553102	4928838	1065550009	124663	124663	0	
4.000000	streamcluster	1	403	36.000000	5.056000	0.524000	1394763310	4838967	1050561992	123225	123225	0	
3.500000	streamcluster	1	518	36.000000	5.048000	0.605000	1407149448	4883704	1048639857	123472	123472	0	
4.000000	streamcluster	1	518	36.000000	5.048000	0.605000	1394482719	4834404	1040690392	122346	122346	0	
4.000000	streamcluster	1	518	36.000000	5.056000	0.606000	1413210282	4859065	1053039492	123429	123429	0	
3.500000	streamcluster	1	614	36.000000	5.048000	0.646000	1410273553	4788674	1041087236	122228	122228	0	
5.500000	streamcluster	1	614	36.000000	5.048000	0.646000	1415040328	4808610	1047780043	122963	122963	0	
4.000000	streamcluster	1	614	36.000000	5.048000	0.686000	1425279339	4844584	1054801577	123214	123214	0	
3.500000	streamcluster	1	710	36.000000	5.048000	0.686000	1437396278	4841052	1053729785	123809	123809	0	
3.000000	streamcluster	1	710	36.000000	5.048000	0.726000	1432755064	4784203	1047701060	122724	122724	0	
3.500000	streamcluster	1	710	36.000000	5.048000	0.726000	1434558252	4784646	1054011605	123038	123038	0	
3.500000	streamcluster	1	921	36.000000	5.048000	0.888000	1463868293	4813526	1051601522	123509	123509	0	
3.000000	streamcluster	1	921	36.000000	5.048000	0.807000	1452005910	4819982	1041983074	122261	122261	0	
4.500000	streamcluster	1	921	36.000000	5.048000	0.887000	1459875537	4839793	1050814981	122886	122886	0	
3.000000	streamcluster	1	1036	36.000000	5.048000	0.888000	1469359673	4805372	1041879563	122777	122777	0	
3.000000	streamcluster	1	1036	36.000000	5.048000	0.928000	1481990184	4837419	1059285003	123519	123519	0	
2.500000	streamcluster	1	1036	36.000000	5.040000	0.887000	1477507795	4804114	1050485209	122776	122776	0	
3.000000	streamcluster	1	1132	36.000000	5.048000	0.928000	1478725283	4821645	1043700005	122792	122792	0	
4.500000	streamcluster	1	1132	36.000000	5.040000	0.927000	1481641385	4748837	1045956002	122668	122668	0	
3.500000	streamcluster	1	1132	36.000000	5.040000	0.927000	1473129544	4797299	1043499341	122765	122765	0	
3.000000	streamcluster	1	1224	36.000000	5.048000	0.969000	1493821899	4730515	1046682306	122779	122779	0	
3.000000	streamcluster	1	1224	37.000000	5.040000	1.048000	1487730906	4779487	1040088045	122150	122150	0	
2.500000	streamcluster	1	1224	36.000000	5.040000	1.048000	1490801535	4795613	1044581982	122392	122392	0	
2.500000	streamcluster	1	1428	37.000000	5.040000	1.290000	1517042850	4776108	1044107970	122701	122701	0	
3.000000	streamcluster	1	1428	37.000000	5.040000	1.330000	1516831583	4775351	1045911564	122754	122754	0	
2.500000	streamcluster	1	1428	37.000000	5.040000	1.209000	1524239146	4809857	1050688962	122744	122744	0	
3.000000	streamcluster	1	1479	37.000000	5.032000	1.368000	1515922990	4807952	1035669094	121844	121844	0	
2.500000	streamcluster	1	1479	37.000000	5.032000	1.408000	1529832625	4787157	1046032528	122441	122441	0	
3.000000	streamcluster	1	1479	37.000000	5.032000	1.368000	1535010264	4781163	1051466173	123064	123064	0	
22.000000	vips	1	102	36.000000	5.072000	0.243000	1618820558	6354932	1256270179	131166	131166	0	
13.500000	vips	1	102	36.000000	5.072000	0.243000	1602420462	6337931	1238301278	130104	130104	0	
14.500000	vips	1	102	36.000000	5.072000	0.243000	1605131206	6381667	1242945329	130023	130023	0	
6.500000	vips	1	204	36.000000	5.064000	0.324000	1564473398	6187210	1221353270	127320	127320	0	
6.500000	vips	1	204	36.000000	5.072000	0.324000	1553927986	6219306	1216835296	127152	127152	0	
7.000000	vips	1	204	36.000000	5.064000	0.324000	1564796931	6213021	1221298115	127265	127265	0	
5.500000	vips	1	307	35.000000	5.064000	0.364000	1548186704	6075608	1209026607	125913	125913	0	
5.000000	vips	1	307	36.000000	5.064000	0.364000	1556360804	6099972	1211745395	126596	126596	0	
5.000000	vips	1	307	36.000000	5.072000	0.365000	1555406979	6113446	1210168511	125905	125905	0	
4.500000	vips	1	403	35.000000	5.064000	0.445000	1570282993	6130872	1214007861	126111	126111	0	
4.500000	vips	1	403	35.000000	5.064000	0.445000	1559708929	6076520	1206977931	125757	125757	0	
4.500000	vips	1	403	36.000000	5.064000	0.445000	1551565722	6123878	1200567963	125170	125170	0	
3.500000	vips	1	518	36.000000	5.064000	0.526000	1578718350	6113720	1212133527	126398	126398	0	
4.500000	vips	1	518	35.000000	5.064000	0.486000	1573674165	6078986	1208384003	125503	125503	0	
4.500000	vips	1	518	36.000000	5.072000	0.445000	1574893222	6069864	1207790980	125545	125545	0	
4.000000	vips	1	614	36.000000	5.064000	0.526000	1586414828	6039331	1209143324	126020	126020	0	
3.500000	vips	1	614	36.000000	5.064000	0.526000	1584355567	6078917	1205548274	125397	125397	0	
3.500000	vips	1	614	36.000000	5.072000	0.486000	1599830197	6045118	1222058883	126694	126694	0	
3.000000	vips	1	710	36.000000	5.064000	0.567000	1603778562	6058584	1211133975	126091	126091	0	
3.500000	vips	1	710	36.000000	5.064000	0.567000	1596110699	5927303	1203820324	125303	125303	0	
3.500000	vips	1	710	36.000000	5.064000	0.567000	1595575088	6074662	1205121515	125916	125916	0	
3.000000	vips	1	921	36.000000	5.064000	0.687000	1618324330	6009232	1197791065	125317	125317	0	
3.000000	vips	1	921	36.000000	5.064000	0.647000	1620239729	6017685	1199277048	125087	125087	0	
3.000000	vips	1	921	36.000000	5.056000	0.687000	1624180527	6016170	1199892020	125151	125151	0	
3.000000	vips	1	1036	36.000000	5.056000	0.768000	1657664631	6094526	1216922656	126046	126046	0	
3.000000	vips	1	1036	36.000000	5.056000	0.728000	1642974095	6056344	1203983950	125507	125507	0	
3.000000	vips	1	1036	36.000000	5.056000	0.728000	1640307278	6029090	1203332984	125374	125374	0	
2.500000	vips	1	1132	36.000000	5.056000	0.768000	1643983151	6038016	1202592055	125314	125314	0	
3.000000	vips	1	1132	36.000000	5.056000	0.768000	1648123042	6044144	1202218275	125000	125000	0	
3.000000	vips	1	1132	36.000000	5.056000	0.768000	1652633814	6037462	1204767972	125377	125377	0	
3.000000	vips	1	1224	37.000000	5.056000	0.849000	1664743168	6055742	1203849748	125580	125580	0	
3.000000	vips	1	1224	36.000000	5.048000	0.969000	1667795088	6051792	1206355514	125332	125332	0	
2.500000	vips	1	1224	37.000000	5.056000	0.889000	1657423236	6033836	1201488361	124851	124851	0	
3.000000	vips	1	1428	37.000000	5.048000	1.171000	1686359332	6004650	1200797617	125109	125109	0	
2.500000	vips	1	1428	37.000000	5.048000	1.130000	1682824388	5997137	1196845286	124593	124593	0	
2.500000	vips	1	1428	36.000000	5.048000	1.171000	1698677173	6059012	1210173942	125815	125815	0	
3.000000	vips	1	1479	37.000000	5.032000	1.247000	1717496057	6057590	1215290041	126525	126525	0	
3.000000	vips	1	1479	38.000000	5.048000	1.209000	1697247649	6011345	1202010315	125260	125260	0	
3.000000	vips	1	1479	37.000000	5.048000	1.171000	1700267387	6055975	1205169812	125243	125243	0	
17.500000	x264	1	102	36.000000	5.072000	0.284000	1444329138	5130904	1086184844	128329	128329	0	
12.500000	x264	1	102	36.000000	5.072000	0.243000	1435596049	5101927	1083488116	127799	127799	0	
15.000000	x264	1	102	36.000000	5.072000	0.243000	1441964561	5169793	1088970742	128038	128038	0	
6.500000	x264	1	204	36.000000	5.064000	0.324000	1424196448	4983366	1085157528	126731	126731	0	
6.500000	x264	1	204	36.000000	5.072000	0.324000	1414833531	4981969	1073488907	126452	126452	0	
7.500000	x264	1	204	36.000000	5.072000	0.324000	1407403093	4956090	1068902083	125693	125693	0	
5.500000	x264	1	307	36.000000	5.072000	0.364000	1399022432	4896153	1061898225	125212	125212	0	
5.500000	x264	1	307	35.000000	5.072000	0.364000	1411610839	4918158	1067793264	125796	125796	0	
6.000000	x264	1	307	36.000000	5.072000	0.365000	1401793936	4909149	1063761131	125073	125073	0	
4.500000	x264	1	403	36.000000	5.072000	0.405000	1430027004	4908300	1077903421	126525	126525	0	
4.500000	x264	1	403	36.000000	5.072000	0.405000	1426279486	4922178	1071920957	126142	126142	0	
5.500000	x264	1	403	36.000000	5.072000	0.405000	1416335686	4915530	1064500944	125162	125162	0	
4.000000	x264	1	518	36.000000	5.072000	0.486000	1413774379	4776935	1052308188	124166	124166	0	
4.000000	x264	1	518	36.000000	5.072000	0.446000	1411109948	4833095	1048190861	123889	123889	0	
3.500000	x264	1	518	36.000000	5.072000	0.445000	1431839761	4859682	1066987177	125224	125224	0	
3.500000	x264	1	614	36.000000	5.072000	0.486000	1433138141	4835066	1057570737	124596	124596	0	
3.500000	x264	1	614	36.000000	5.072000	0.486000	1454526537	4889470	1076200913	125972	125972	0	
3.500000	x264	1	614	36.000000	5.072000	0.486000	1440686544	4830599	1063855573	124985	124985	0	
3.500000	x264	1	710	36.000000	5.072000	0.486000	1438394790	4850819	1050887525	124195	124195	0	
3.500000	x264	1	710	36.000000	5.064000	0.526000	1438009127	4849506	1053548404	124312	124312	0	
3.000000	x264	1	710	36.000000	5.072000	0.486000	1445707587	4854534	1055707508	124323	124323	0	
3.000000	x264	1	921	36.000000	5.064000	0.567000	1479192100	4858299	1061596624	125450	125450	0	
3.000000	x264	1	921	36.000000	5.064000	0.607000	1482810018	4880034	1061731332	125091	125091	0	
3.000000	x264	1	921	36.000000	5.064000	0.607000	1468322408	4816342	1050822320	123926	123926	0	
2.500000	x264	1	1036	36.000000	5.064000	0.648000	1495686124	4849057	1060647315	124795	124795	0	
3.500000	x264	1	1036	36.000000	5.064000	0.648000	1489485433	4857639	1056810687	124480	124480	0	
3.000000	x264	1	1036	36.000000	5.064000	0.607000	1478731631	4858647	1045651643	123407	123407	0	
3.000000	x264	1	1132	36.000000	5.064000	0.648000	1505100412	4873998	1062436258	125088	125088	0	
3.000000	x264	1	1132	36.000000	5.064000	0.648000	1505249970	4809518	1061068563	124788	124788	0	
3.000000	x264	1	1132	36.000000	5.064000	0.648000	1496813456	4851543	1058084381	124399	124399	0	
2.500000	x264	1	1224	36.000000	5.064000	0.729000	1520072820	4868283	1061079587	124622	124622	0	
3.000000	x264	1	1224	36.000000	5.064000	0.728000	1510868068	4842019	1056009861	124416	124416	0	
3.000000	x264	1	1224	37.000000	5.064000	0.729000	1502194732	4820645	1049236396	124314	124314	0	
3.000000	x264	1	1428	37.000000	5.056000	0.930000	1536616595	4840030	1049774253	123909	123909	0	
3.000000	x264	1	1428	37.000000	5.048000	0.928000	1538711551	4844519	1055231024	124300	124300	0	
2.500000	x264	1	1428	36.000000	5.056000	0.930000	1536011852	4810312	1051970784	124020	124020	0	
2.500000	x264	1	1479	37.000000	5.056000	1.011000	1540348140	4807247	1051311424	123965	123965	0	
3.000000	x264	1	1479	37.000000	5.048000	1.009000	1536629775	4813772	1045064276	123391	123391	0	
3.000000	x264	1	1479	36.000000	5.056000	1.009000	1543229102	4804682	1052818579	124339	124339	0	
