Run Duration (ms)	Benchmark	Run(#)	CPU Frequency (MHz)	CPU Temperature(C)	Voltage[V]	Power[W]	CPU_CYCLES	L1D_CACHE_ST	L1D_CACHE_REFILL_LD	L1D_CACHE_REFILL_ST	L1D_CACHE_WB_VICTIM	L1D_CACHE_WB_CLEAN
14.000000	blackscholes	1	102	36.000000	5.072000	0.243000	1455686180	195609610	9627731	1957678	4364636	159234	
14.000000	blackscholes	1	102	36.000000	5.072000	0.243000	1453989958	194740902	9655338	1936718	4327677	158718	
18.000000	blackscholes	1	102	36.000000	5.064000	0.243000	1447958096	194595109	9639795	1901558	4302356	152888	
12.000000	blackscholes	1	204	36.000000	5.056000	0.364000	1410406986	191006881	9053517	1851387	4086237	133420	
8.000000	blackscholes	1	204	36.000000	5.056000	0.404000	1408403462	191271606	9089468	1862627	4091565	134140	
8.000000	blackscholes	1	204	36.000000	5.056000	0.364000	1409230958	190876013	9014850	1857687	4067185	135754	
6.000000	blackscholes	1	307	36.000000	5.056000	0.444000	1425105581	192607733	8990448	1799902	4042959	130858	
6.000000	blackscholes	1	307	36.000000	5.056000	0.444000	1413850756	190711534	8773208	1818179	3989311	130550	
6.000000	blackscholes	1	307	36.000000	5.056000	0.444000	1401829481	189011656	8768239	1825443	3963782	130123	
4.000000	blackscholes	1	403	36.000000	5.048000	0.524000	1408366567	188947191	8689095	1776091	3906347	124068	
6.000000	blackscholes	1	403	36.000000	5.056000	0.525000	1428517737	191303815	8782063	1820038	4025070	124221	
4.000000	blackscholes	1	403	36.000000	5.056000	0.525000	1431309258	191199676	8951510	1831939	4083589	126666	
4.000000	blackscholes	1	518	36.000000	5.048000	0.646000	1410726842	187234862	8473334	1783660	3869105	120839	
4.000000	blackscholes	1	518	36.000000	5.048000	0.605000	1418213421	188904028	8683886	1815531	3958541	120342	
4.000000	blackscholes	1	518	36.000000	5.048000	0.646000	1409706632	187172020	8674097	1859229	3971005	119307	
4.000000	blackscholes	1	614	36.000000	5.048000	0.686000	1427561285	187947939	8510812	1810682	3907432	123681	
4.000000	blackscholes	1	614	36.000000	5.048000	0.646000	1429436092	187951388	8467423	1774082	3873688	119239	
4.000000	blackscholes	1	614	36.000000	5.048000	0.686000	1434947225	188885618	8475954	1780481	3885446	120674	
4.000000	blackscholes	1	710	36.000000	5.048000	0.767000	1451035260	189293077	8531173	1766318	3889798	115424	
4.000000	blackscholes	1	710	36.000000	5.048000	0.726000	1442050169	187952662	8635291	1852409	3961121	119336	
2.000000	blackscholes	1	710	36.000000	5.048000	0.726000	1440790640	187933635	8436752	1746989	3818044	119064	
2.000000	blackscholes	1	921	37.000000	5.040000	0.887000	1466415686	187331620	8271011	1764557	3805465	116751	
4.000000	blackscholes	1	921	36.000000	5.048000	0.927000	1475552923	188584142	8472984	1808804	3906575	116620	
4.000000	blackscholes	1	921	37.000000	5.040000	0.887000	1480983240	188952146	8511303	1774928	3875266	118508	
4.000000	blackscholes	1	1036	36.000000	5.040000	0.967000	1480397661	187471323	8350249	1755304	3826260	111949	
4.000000	blackscholes	1	1036	37.000000	5.040000	0.967000	1485494901	187946077	8386591	1765879	3848086	113400	
4.000000	blackscholes	1	1036	37.000000	5.040000	0.927000	1479601741	186722160	8360644	1756335	3826839	114943	
2.000000	blackscholes	1	1132	36.000000	5.040000	0.927000	1506322305	189265028	8534778	1780628	3903562	118674	
4.000000	blackscholes	1	1132	36.000000	5.040000	0.927000	1498832848	187721738	8443870	1764382	3855589	117711	
4.000000	blackscholes	1	1132	36.000000	5.040000	0.967000	1490031782	187247956	8359743	1776774	3828530	114941	
4.000000	blackscholes	1	1224	37.000000	5.040000	1.128000	1499609011	186922107	8368905	1772246	3847238	113493	
4.000000	blackscholes	1	1224	37.000000	5.040000	1.088000	1507454190	187608966	8372412	1760786	3817481	114770	
4.000000	blackscholes	1	1224	37.000000	5.040000	1.128000	1500718394	187173829	8358244	1734747	3791063	113855	
2.000000	blackscholes	1	1428	37.000000	5.032000	1.326000	1526511127	187258862	8440622	1799217	3880127	115426	
4.000000	blackscholes	1	1428	37.000000	5.032000	1.368000	1546540655	189363728	8391957	1741302	3841416	115673	
4.000000	blackscholes	1	1428	37.000000	5.032000	1.368000	1541891481	188709632	8379346	1763154	3854997	113834	
2.000000	blackscholes	1	1479	37.000000	5.032000	1.449000	1547948248	187608612	8670674	1863962	3958165	120205	
2.000000	blackscholes	1	1479	38.000000	5.032000	1.449000	1554472794	189493468	8481921	1781781	3926564	117676	
2.000000	blackscholes	1	1479	37.000000	5.024000	1.406000	1548916220	187735700	8463580	1815844	3915058	113833	
16.000000	bodytrack	1	102	36.000000	5.072000	0.243000	1683611074	212159516	10331727	2204024	4710441	163657	
14.000000	bodytrack	1	102	36.000000	5.072000	0.243000	1690840563	212898037	10468476	2219295	4697362	182095	
18.000000	bodytrack	1	102	36.000000	5.072000	0.243000	1689223868	212888301	10409871	2248047	4745458	173464	
6.000000	bodytrack	1	204	36.000000	5.064000	0.324000	1650690238	208565285	9734870	2128611	4448496	147537	
8.000000	bodytrack	1	204	36.000000	5.064000	0.324000	1640504635	207526425	9698965	2133019	4423221	146230	
10.000000	bodytrack	1	204	36.000000	5.072000	0.324000	1635012970	207589541	9550524	2096436	4382709	145820	
6.000000	bodytrack	1	307	36.000000	5.064000	0.364000	1649633095	207858817	9527904	2123265	4386085	137219	
6.000000	bodytrack	1	307	36.000000	5.064000	0.364000	1639052499	206724073	9371462	2078691	4318548	137524	
4.000000	bodytrack	1	307	36.000000	5.064000	0.364000	1635372125	206158405	9553864	2111762	4364229	135142	
4.000000	bodytrack	1	403	36.000000	5.064000	0.405000	1649771455	206971199	9409921	2101250	4332153	134416	
4.000000	bodytrack	1	403	36.000000	5.064000	0.445000	1637906375	206100360	9208307	2059207	4262237	129512	
6.000000	bodytrack	1	403	36.000000	5.064000	0.445000	1656727400	207536289	9440504	2121739	4368805	134329	
4.000000	bodytrack	1	518	36.000000	5.064000	0.486000	1652130638	205009468	9205070	2064942	4238123	131050	
4.000000	bodytrack	1	518	36.000000	5.064000	0.486000	1665497630	206927827	9447138	2041346	4290385	129297	
4.000000	bodytrack	1	518	36.000000	5.064000	0.486000	1658885627	205773311	9345112	2093475	4302055	131376	
2.000000	bodytrack	1	614	36.000000	5.064000	0.526000	1672846638	206056671	9177775	2049931	4223111	128786	
2.000000	bodytrack	1	614	36.000000	5.064000	0.526000	1675331931	206506252	9300241	2063849	4280311	128564	
4.000000	bodytrack	1	614	36.000000	5.064000	0.526000	1658694103	204227873	9097461	2025607	4162209	123728	
2.000000	bodytrack	1	710	36.000000	5.056000	0.606000	1685021764	205702739	9174944	2083303	4258187	126210	
6.000000	bodytrack	1	710	36.000000	5.056000	0.566000	1679650096	205432935	9311884	2080081	4289245	127620	
4.000000	bodytrack	1	710	36.000000	5.056000	0.566000	1686457474	206420570	9192248	2035540	4247597	122563	
4.000000	bodytrack	1	921	36.000000	5.048000	0.726000	1709493053	204694009	9046361	1999520	4153387	117982	
4.000000	bodytrack	1	921	37.000000	5.048000	0.728000	1710686816	204961128	9026303	1999526	4144523	122448	
2.000000	bodytrack	1	921	36.000000	5.048000	0.767000	1712056243	204719813	9109576	2053829	4223462	121105	
2.000000	bodytrack	1	1036	36.000000	5.048000	0.848000	1735003665	205656402	8999291	1992293	4171252	119691	
4.000000	bodytrack	1	1036	36.000000	5.048000	0.807000	1728409769	204743950	9087142	2040072	4238922	123340	
2.000000	bodytrack	1	1036	37.000000	5.048000	0.848000	1744121655	206182987	9179355	2070252	4263226	121769	
2.000000	bodytrack	1	1132	37.000000	5.048000	0.888000	1733047277	205235012	9167598	2046569	4225957	122097	
4.000000	bodytrack	1	1132	36.000000	5.048000	0.888000	1721993957	203381705	8939319	2013555	4136801	118264	
4.000000	bodytrack	1	1132	37.000000	5.048000	0.888000	1731533432	204910084	9009352	2004596	4145922	122775	
4.000000	bodytrack	1	1224	37.000000	5.048000	0.969000	1755382216	204930403	9045047	2008066	4219859	122516	
4.000000	bodytrack	1	1224	36.000000	5.048000	0.969000	1753829948	205062359	9054512	2013699	4183048	121943	
2.000000	bodytrack	1	1224	37.000000	5.048000	0.969000	1758763649	205590782	9029137	2033839	4196750	125310	
2.000000	bodytrack	1	1428	37.000000	5.040000	1.209000	1775864674	204127954	9197139	2035388	4193112	119572	
2.000000	bodytrack	1	1428	38.000000	5.040000	1.209000	1779915925	204129745	8943133	2014298	4162226	119822	
2.000000	bodytrack	1	1428	38.000000	5.032000	1.247000	1791411053	205501690	9101618	2031976	4187814	124622	
2.000000	bodytrack	1	1479	37.000000	5.032000	1.288000	1795971232	205143646	9044258	2047161	4235794	119864	
2.000000	bodytrack	1	1479	38.000000	5.032000	1.328000	1794516319	204995671	8925823	2006007	4137915	125003	
4.000000	bodytrack	1	1479	39.000000	5.032000	1.328000	1799146599	206318588	9008521	2015514	4191657	121261	
16.000000	dedup	1	102	36.000000	5.072000	0.243000	1446295895	195681361	9750593	2049048	4453529	156961	
16.000000	dedup	1	102	36.000000	5.064000	0.243000	1454097171	196178941	9830516	2041720	4512545	154532	
26.000000	dedup	1	102	36.000000	5.072000	0.243000	1459427739	196928878	9730131	2043304	4501306	158121	
8.000000	dedup	1	204	36.000000	5.064000	0.364000	1423501482	193780521	9155950	1926282	4252024	136578	
8.000000	dedup	1	204	36.000000	5.064000	0.364000	1425304621	194363090	9254612	1963417	4322949	137662	
8.000000	dedup	1	204	36.000000	5.056000	0.364000	1418062157	192900086	9184206	1947504	4252651	140858	
6.000000	dedup	1	307	36.000000	5.056000	0.485000	1423090497	192861507	8915718	1907203	4159940	137804	
6.000000	dedup	1	307	36.000000	5.056000	0.485000	1426437452	193245060	9048723	1952683	4227795	136225	
6.000000	dedup	1	307	36.000000	5.056000	0.444000	1416327247	192387537	8954308	1920099	4198022	132632	
4.000000	dedup	1	403	36.000000	5.056000	0.525000	1407493991	189859075	8742561	1909850	4086436	129508	
4.000000	dedup	1	403	36.000000	5.056000	0.525000	1423877645	191675757	8947248	1905520	4148739	130104	
4.000000	dedup	1	403	36.000000	5.048000	0.524000	1425089696	191967394	8818190	1899095	4118288	132217	
4.000000	dedup	1	518	36.000000	5.048000	0.605000	1421584022	189624956	8595731	1876339	4036876	123739	
4.000000	dedup	1	518	36.000000	5.048000	0.605000	1423139995	190187705	8745140	1892846	4064187	128657	
4.000000	dedup	1	518	36.000000	5.048000	0.605000	1432533765	191303904	8662425	1866299	4061967	123928	
4.000000	dedup	1	614	36.000000	5.048000	0.686000	1452337730	192307602	8676865	1861115	4071893	126633	
4.000000	dedup	1	614	36.000000	5.048000	0.686000	1448515331	191960925	8666704	1852827	4042980	124167	
4.000000	dedup	1	614	36.000000	5.048000	0.686000	1444543888	191108772	8702009	1888941	4119458	122654	
4.000000	dedup	1	710	36.000000	5.040000	0.766000	1457017284	190906385	8768216	1859283	4056131	120758	
4.000000	dedup	1	710	36.000000	5.048000	0.726000	1445249962	189281576	8466765	1880990	4007375	120220	
2.000000	dedup	1	710	36.000000	5.048000	0.726000	1464987498	191303128	8694289	1880769	4068674	123666	
2.000000	dedup	1	921	36.000000	5.040000	0.846000	1484382099	190217341	8559702	1831397	3980170	118395	
4.000000	dedup	1	921	36.000000	5.040000	0.846000	1483787140	189861043	8642365	1864953	4057256	116602	
4.000000	dedup	1	921	36.000000	5.040000	0.846000	1488610015	190904582	8552516	1839079	4009849	121140	
4.000000	dedup	1	1036	36.000000	5.040000	0.927000	1518316360	191717383	8897212	1946583	4177287	118912	
2.000000	dedup	1	1036	36.000000	5.040000	0.966000	1508159014	191147382	8660078	1908464	4086779	120536	
2.000000	dedup	1	1036	37.000000	5.040000	0.967000	1502320160	190454270	8541722	1840008	3994263	117712	
2.000000	dedup	1	1132	37.000000	5.040000	1.008000	1507651937	190122766	8503576	1826008	3985378	116714	
4.000000	dedup	1	1132	37.000000	5.040000	1.008000	1500761881	189170792	8501413	1872794	3997982	117369	
2.000000	dedup	1	1132	37.000000	5.040000	0.967000	1524701394	192529263	8675947	1904295	4142599	117699	
4.000000	dedup	1	1224	36.000000	5.032000	1.046000	1536930749	192081727	8575736	1850838	4050706	120417	
4.000000	dedup	1	1224	37.000000	5.032000	1.127000	1530402203	191373421	8652987	1870820	4062417	117007	
4.000000	dedup	1	1224	37.000000	5.032000	1.086000	1524439464	190379790	8515155	1858958	4017441	121967	
4.000000	dedup	1	1428	37.000000	5.024000	1.446000	1553175072	190315044	8566003	1855101	4014130	116503	
4.000000	dedup	1	1428	37.000000	5.032000	1.408000	1554175421	190568012	8594866	1882326	4069366	115061	
4.000000	dedup	1	1428	37.000000	5.032000	1.288000	1562451835	191481470	8692316	1895469	4101670	117996	
2.000000	dedup	1	1479	37.000000	5.024000	1.527000	1541186817	188174532	8462653	1862523	3957322	117202	
2.000000	dedup	1	1479	38.000000	5.024000	1.487000	1575872961	191812212	8569089	1851683	4054267	119795	
2.000000	dedup	1	1479	37.000000	5.024000	1.487000	1558309011	189973087	8544212	1892773	4045927	116852	
18.000000	ferret	1	102	36.000000	5.064000	0.243000	1461372139	196096432	9719835	1982864	4365032	155599	
12.000000	ferret	1	102	35.000000	5.072000	0.243000	1462165684	195897403	9641833	1982476	4345462	156925	
16.000000	ferret	1	102	35.000000	5.072000	0.284000	1485876741	199122688	10043657	2001935	4507216	155979	
6.000000	ferret	1	204	36.000000	5.064000	0.324000	1429860739	192405563	9158414	1923029	4163103	137199	
8.000000	ferret	1	204	36.000000	5.072000	0.324000	1433830388	193242219	9173964	1885447	4136519	136120	
6.000000	ferret	1	204	36.000000	5.072000	0.324000	1429530176	193467792	9162373	1896408	4149971	135297	
6.000000	ferret	1	307	35.000000	5.072000	0.364000	1433236683	192273845	9082660	1926236	4195608	131676	
6.000000	ferret	1	307	35.000000	5.072000	0.364000	1431263361	192833896	8922164	1871770	4083972	132726	
6.000000	ferret	1	307	36.000000	5.064000	0.405000	1423586683	190802114	8933399	1858859	4051210	131710	
6.000000	ferret	1	403	36.000000	5.072000	0.445000	1441499608	192555156	8825269	1856480	4047990	127857	
6.000000	ferret	1	403	35.000000	5.072000	0.405000	1440764180	192299780	8793346	1836124	4015246	130913	
4.000000	ferret	1	403	36.000000	5.072000	0.405000	1438040807	191659755	8834519	1875406	4050040	127353	
4.000000	ferret	1	518	36.000000	5.072000	0.446000	1452466070	191954082	8810874	1829335	3987481	125241	
4.000000	ferret	1	518	35.000000	5.072000	0.446000	1444438307	191218144	8722175	1817441	3966476	124594	
4.000000	ferret	1	518	35.000000	5.072000	0.445000	1450590447	191230912	8826474	1862175	4042256	123666	
2.000000	ferret	1	614	36.000000	5.072000	0.486000	1480979683	193687759	8983878	1857095	4087814	124606	
4.000000	ferret	1	614	35.000000	5.064000	0.486000	1462996023	191043468	8691047	1837307	3986837	120660	
4.000000	ferret	1	614	35.000000	5.072000	0.486000	1457552678	190099766	8790786	1843527	3980264	120398	
4.000000	ferret	1	710	36.000000	5.072000	0.526000	1475606201	191088343	8652556	1839587	3977642	121775	
4.000000	ferret	1	710	36.000000	5.072000	0.527000	1468626657	190834890	8605028	1810505	3936755	121445	
2.000000	ferret	1	710	36.000000	5.072000	0.526000	1471751811	191076741	8629425	1838728	3986322	119290	
2.000000	ferret	1	921	36.000000	5.064000	0.607000	1512403093	192481298	8722009	1831507	4012011	118991	
4.000000	ferret	1	921	36.000000	5.064000	0.567000	1518509284	192776565	8724987	1838629	4041946	117936	
4.000000	ferret	1	921	36.000000	5.064000	0.567000	1501533562	189951102	8580770	1811869	3915047	115819	
4.000000	ferret	1	1036	36.000000	5.064000	0.648000	1521267713	191510071	8656087	1838756	3980155	120417	
2.000000	ferret	1	1036	36.000000	5.064000	0.607000	1519575643	190809597	8677805	1848105	3974185	118018	
2.000000	ferret	1	1036	36.000000	5.064000	0.648000	1528755309	190972165	8691574	1866156	4031194	117886	
2.000000	ferret	1	1132	36.000000	5.064000	0.648000	1529176673	191425835	8782084	1829515	3987455	117305	
4.000000	ferret	1	1132	36.000000	5.064000	0.648000	1519584301	190346256	8551238	1820664	3946778	113182	
4.000000	ferret	1	1132	36.000000	5.064000	0.648000	1531131236	191476986	8670783	1840282	4004076	115754	
2.000000	ferret	1	1224	36.000000	5.064000	0.728000	1527497723	189115036	8558812	1840524	3944290	116462	
2.000000	ferret	1	1224	36.000000	5.064000	0.729000	1533372813	190109633	8489732	1800071	3896193	115621	
4.000000	ferret	1	1224	36.000000	5.056000	0.768000	1545262865	191537062	8730049	1811286	3940070	119691	
2.000000	ferret	1	1428	36.000000	5.056000	0.930000	1562803831	190091578	8560134	1846070	3976142	116270	
4.000000	ferret	1	1428	37.000000	5.056000	0.930000	1577249501	192086005	8624256	1830315	3972435	117174	
4.000000	ferret	1	1428	36.000000	5.056000	0.930000	1551337131	188816113	8521392	1799543	3866950	114632	
2.000000	ferret	1	1479	36.000000	5.048000	1.009000	1571527219	190269579	8552359	1793466	3894744	118387	
4.000000	ferret	1	1479	37.000000	5.056000	0.970000	1562956004	189316971	8497706	1796939	3874243	117013	
4.000000	ferret	1	1479	37.000000	5.056000	0.970000	1570209408	189898466	8525960	1810558	3911055	117078	
16.000000	fluidanimate	1	102	36.000000	5.064000	0.243000	1477975461	199396752	9696238	2007993	4401961	152108	
16.000000	fluidanimate	1	102	36.000000	5.072000	0.243000	1486249794	199766915	9759507	2043175	4474273	156656	
32.000000	fluidanimate	1	102	35.000000	5.072000	0.243000	1492780169	200272905	9774445	2041973	4443624	162714	
8.000000	fluidanimate	1	204	36.000000	5.064000	0.364000	1451319985	196532721	9132700	1945709	4196839	138502	
16.000000	fluidanimate	1	204	36.000000	5.064000	0.364000	1461077890	198312274	9219456	1903820	4220556	136675	
10.000000	fluidanimate	1	204	36.000000	5.056000	0.364000	1466315026	198358037	9222299	1934429	4229134	139250	
8.000000	fluidanimate	1	307	35.000000	5.056000	0.444000	1446175673	195394746	8888535	1909054	4091378	129613	
6.000000	fluidanimate	1	307	35.000000	5.056000	0.444000	1446368876	194623084	8976500	1888395	4075443	132210	
6.000000	fluidanimate	1	307	36.000000	5.056000	0.444000	1451120848	195175093	8967313	1902642	4139000	132059	
6.000000	fluidanimate	1	403	36.000000	5.056000	0.485000	1452077398	194967028	8728784	1879310	4028175	130942	
4.000000	fluidanimate	1	403	36.000000	5.056000	0.524000	1472221278	197073581	8917683	1910014	4140679	129473	
4.000000	fluidanimate	1	403	36.000000	5.056000	0.485000	1457030929	195011334	8885175	1852344	4028960	128009	
4.000000	fluidanimate	1	518	36.000000	5.048000	0.605000	1465865432	194220657	8742918	1914607	4080434	123632	
4.000000	fluidanimate	1	518	36.000000	5.048000	0.605000	1453198390	193314599	8698979	1873465	3997769	125338	
4.000000	fluidanimate	1	518	36.000000	5.048000	0.605000	1468778149	194533406	8833335	1852394	4014999	124743	
4.000000	fluidanimate	1	614	36.000000	5.048000	0.646000	1469410224	193135258	8632671	1892004	4005093	122125	
4.000000	fluidanimate	1	614	36.000000	5.048000	0.646000	1477537733	194086563	8651433	1851131	3984339	122749	
4.000000	fluidanimate	1	614	36.000000	5.048000	0.686000	1474174269	194002438	8592292	1860710	3973248	123821	
4.000000	fluidanimate	1	710	36.000000	5.048000	0.686000	1480886158	193278188	8568801	1840972	3950902	118338	
4.000000	fluidanimate	1	710	36.000000	5.048000	0.686000	1479881428	192313750	8705160	1856129	3928558	123556	
4.000000	fluidanimate	1	710	36.000000	5.048000	0.686000	1491429621	194128579	8556567	1850975	3984169	121606	
4.000000	fluidanimate	1	921	36.000000	5.040000	0.846000	1528556400	195316925	8556208	1862593	4006202	120366	
2.000000	fluidanimate	1	921	36.000000	5.048000	0.807000	1511718046	193357834	8531959	1874461	3987805	120603	
4.000000	fluidanimate	1	921	36.000000	5.040000	0.846000	1516867644	193926433	8628445	1885710	4005456	121662	
2.000000	fluidanimate	1	1036	36.000000	5.040000	0.927000	1540160159	194119114	8494454	1831592	3945340	120223	
4.000000	fluidanimate	1	1036	36.000000	5.032000	0.966000	1556101880	196285654	8837169	1853158	4036355	120169	
2.000000	fluidanimate	1	1036	36.000000	5.040000	0.967000	1539238835	194003235	8647424	1897694	4009656	121544	
4.000000	fluidanimate	1	1132	37.000000	5.032000	1.046000	1547430190	194177665	8669165	1887530	4008685	116771	
2.000000	fluidanimate	1	1132	37.000000	5.040000	0.927000	1542854275	193937155	8628355	1874560	3993906	117741	
2.000000	fluidanimate	1	1132	36.000000	5.040000	0.927000	1540109889	192823385	8524475	1880016	3961814	117654	
4.000000	fluidanimate	1	1224	37.000000	5.040000	1.048000	1559452426	194140209	8590687	1890396	4023823	119382	
2.000000	fluidanimate	1	1224	37.000000	5.032000	1.086000	1549639653	192807819	8445058	1834885	3912960	119465	
4.000000	fluidanimate	1	1224	37.000000	5.040000	1.046000	1568499954	194404512	8716723	1876263	4025196	120800	
2.000000	fluidanimate	1	1428	38.000000	5.032000	1.288000	1588826614	194041518	8641531	1885869	3994702	117956	
2.000000	fluidanimate	1	1428	37.000000	5.024000	1.567000	1576563432	192465128	8425048	1836414	3920896	116562	
2.000000	fluidanimate	1	1428	37.000000	5.024000	1.446000	1567204807	191717060	8328846	1815744	3868311	114713	
4.000000	fluidanimate	1	1479	36.000000	5.024000	1.366000	1591646861	192962246	8473069	1846467	3927177	117313	
2.000000	fluidanimate	1	1479	38.000000	5.016000	1.605000	1611002181	195427802	8613560	1894528	4043624	120603	
2.000000	fluidanimate	1	1479	37.000000	5.016000	1.524000	1586795319	192004504	8440754	1840605	3893529	115151	
20.000000	freqmine	1	102	35.000000	5.072000	0.243000	1478520970	200334270	9847581	2016696	4510218	159931	
18.000000	freqmine	1	102	36.000000	5.072000	0.243000	1475043218	198896910	9835196	1991038	4436566	160510	
14.000000	freqmine	1	102	35.000000	5.064000	0.243000	1474288497	198807702	9760674	2021223	4459105	161745	
8.000000	freqmine	1	204	35.000000	5.056000	0.364000	1432144609	194393233	9234350	1949064	4238143	139573	
8.000000	freqmine	1	204	36.000000	5.064000	0.324000	1436655857	195421190	9228491	1941063	4243190	140739	
8.000000	freqmine	1	204	35.000000	5.064000	0.324000	1442066060	195852120	9299586	1937074	4248364	142657	
6.000000	freqmine	1	307	36.000000	5.056000	0.444000	1438372422	194916336	8958588	1895508	4123917	135399	
6.000000	freqmine	1	307	36.000000	5.056000	0.444000	1433144129	194089663	8912508	1893627	4128283	133935	
6.000000	freqmine	1	307	36.000000	5.056000	0.444000	1437229574	194386448	8887841	1860173	4084358	133878	
14.000000	freqmine	1	403	36.000000	5.048000	0.565000	1428595423	192852579	8735184	1833393	4022119	124775	
4.000000	freqmine	1	403	35.000000	5.056000	0.485000	1450662081	195031224	8956074	1929712	4187598	132742	
6.000000	freqmine	1	403	36.000000	5.056000	0.525000	1436597939	193401417	8839811	1849571	4047526	128221	
4.000000	freqmine	1	518	36.000000	5.048000	0.605000	1458652761	194599410	8747354	1807710	4021662	124959	
4.000000	freqmine	1	518	36.000000	5.048000	0.565000	1446189729	193576366	8678257	1815872	3992096	127156	
4.000000	freqmine	1	518	36.000000	5.056000	0.565000	1457611573	194326028	8672350	1830655	4022906	127950	
4.000000	freqmine	1	614	36.000000	5.048000	0.605000	1445358746	191108426	8594659	1861302	3973623	121672	
4.000000	freqmine	1	614	36.000000	5.048000	0.605000	1455385589	192315893	8706885	1878474	4025289	124625	
2.000000	freqmine	1	614	36.000000	5.056000	0.646000	1453152580	192146750	8526830	1825551	3945280	124363	
4.000000	freqmine	1	710	36.000000	5.040000	0.766000	1478836787	194482854	8710964	1862693	4042593	124386	
4.000000	freqmine	1	710	36.000000	5.048000	0.726000	1476558472	193341908	8610480	1853472	4000560	123157	
2.000000	freqmine	1	710	36.000000	5.048000	0.686000	1476929498	192684314	8733029	1819895	3977196	126681	
2.000000	freqmine	1	921	36.000000	5.040000	0.846000	1488547910	191117284	8452457	1828632	3950327	120104	
4.000000	freqmine	1	921	36.000000	5.040000	0.846000	1496565814	192092726	8491040	1835019	3970266	119655	
4.000000	freqmine	1	921	37.000000	5.040000	0.846000	1499205972	191681254	8583104	1854031	4012921	117934	
2.000000	freqmine	1	1036	37.000000	5.040000	0.967000	1513661097	191688782	8453310	1820200	3952321	118324	
2.000000	freqmine	1	1036	36.000000	5.040000	0.927000	1521555702	193059373	8723980	1872799	4051154	118106	
2.000000	freqmine	1	1036	37.000000	5.040000	0.927000	1520442962	193360687	8576239	1787504	3946225	117652	
2.000000	freqmine	1	1132	36.000000	5.040000	0.887000	1518815021	191959240	8444243	1810600	3928427	117611	
2.000000	freqmine	1	1132	36.000000	5.040000	0.927000	1519965350	191947309	8486107	1828052	3948041	117104	
2.000000	freqmine	1	1132	36.000000	5.040000	0.927000	1518026003	191787612	8582080	1840352	3981605	120269	
4.000000	freqmine	1	1224	36.000000	5.032000	1.046000	1536458664	191980706	8497127	1834155	3963299	115388	
2.000000	freqmine	1	1224	37.000000	5.040000	1.008000	1529959570	190780953	8464202	1841274	3966268	116846	
2.000000	freqmine	1	1224	36.000000	5.032000	1.127000	1540424432	192166191	8554243	1833325	3954724	118867	
2.000000	freqmine	1	1428	37.000000	5.024000	1.366000	1563791044	191363374	8541165	1865387	3964778	117885	
2.000000	freqmine	1	1428	37.000000	5.024000	1.366000	1572471976	192495189	8589227	1865271	4045375	118744	
4.000000	freqmine	1	1428	38.000000	5.032000	1.247000	1549669959	190803815	8386346	1821327	3917156	116590	
4.000000	freqmine	1	1479	37.000000	5.024000	1.406000	1570144413	192405800	8494390	1780529	3924419	116970	
2.000000	freqmine	1	1479	37.000000	5.024000	1.527000	1559056130	190226263	8374598	1802485	3876688	114562	
2.000000	freqmine	1	1479	37.000000	5.024000	1.406000	1565671178	191337069	8414243	1831367	3961537	118370	
14.000000	streamcluster	1	102	35.000000	5.072000	0.243000	1433605865	193475245	9648115	1966293	4352074	159028	
14.000000	streamcluster	1	102	35.000000	5.072000	0.243000	1432608483	192892542	9507367	1943457	4263084	161125	
24.000000	streamcluster	1	102	35.000000	5.072000	0.243000	1440362466	194076688	9560513	1921304	4284893	162326	
6.000000	streamcluster	1	204	35.000000	5.064000	0.364000	1399021451	189972460	8947452	1840877	4052273	137674	
12.000000	streamcluster	1	204	36.000000	5.064000	0.364000	1402336314	190773054	9101417	1909317	4120714	136081	
8.000000	streamcluster	1	204	35.000000	5.056000	0.404000	1406076991	190377264	9120397	1832770	4054337	137930	
6.000000	streamcluster	1	307	35.000000	5.056000	0.444000	1388575532	187764903	8792297	1829891	3979880	128463	
4.000000	streamcluster	1	307	35.000000	5.056000	0.485000	1404713580	189984432	8790176	1812542	3983933	130843	
4.000000	streamcluster	1	307	35.000000	5.056000	0.444000	1398239531	189130005	8806727	1845708	4011183	130526	
6.000000	streamcluster	1	403	35.000000	5.048000	0.525000	1402127586	189078884	8700525	1802574	3943411	125033	
4.000000	streamcluster	1	403	35.000000	5.048000	0.524000	1412326962	190013092	8717747	1829112	4003961	128047	
4.000000	streamcluster	1	403	35.000000	5.056000	0.525000	1392982138	187566696	8573129	1801550	3914940	123087	
4.000000	streamcluster	1	518	36.000000	5.048000	0.605000	1409141057	187363863	8620397	1811851	3919249	120432	
4.000000	streamcluster	1	518	35.000000	5.048000	0.605000	1409258253	187548385	8619519	1795616	3890942	120784	
6.000000	streamcluster	1	518	36.000000	5.048000	0.605000	1416190309	188677940	8467802	1747890	3857873	124262	
4.000000	streamcluster	1	614	35.000000	5.048000	0.686000	1417126556	187110725	8452988	1755642	3839258	118571	
4.000000	streamcluster	1	614	35.000000	5.048000	0.646000	1429713874	188852228	8569599	1798161	3914502	122325	
4.000000	streamcluster	1	614	35.000000	5.048000	0.686000	1408532696	185840698	8352938	1762889	3799688	117763	
2.000000	streamcluster	1	710	36.000000	5.048000	0.726000	1427878792	186893547	8481472	1752558	3825070	120094	
2.000000	streamcluster	1	710	35.000000	5.048000	0.726000	1435970336	187898522	8421010	1725492	3811963	118053	
4.000000	streamcluster	1	710	36.000000	5.048000	0.726000	1436672891	187947035	8441234	1724448	3824135	118722	
2.000000	streamcluster	1	921	36.000000	5.048000	0.807000	1468023419	188175982	8524131	1783758	3910504	116276	
2.000000	streamcluster	1	921	36.000000	5.048000	0.887000	1459056314	187023090	8431490	1724783	3786775	115651	
4.000000	streamcluster	1	921	36.000000	5.048000	0.848000	1444499233	185670181	8411264	1805009	3908076	112153	
4.000000	streamcluster	1	1036	36.000000	5.040000	0.927000	1477202909	187213787	8510320	1798508	3891296	118619	
2.000000	streamcluster	1	1036	36.000000	5.048000	0.928000	1473392703	187560727	8453291	1786350	3882021	112462	
4.000000	streamcluster	1	1036	36.000000	5.040000	0.887000	1479722473	187465074	8375857	1749107	3839383	115811	
2.000000	streamcluster	1	1132	36.000000	5.048000	0.928000	1483626886	187434921	8327189	1753590	3821787	114923	
2.000000	streamcluster	1	1132	36.000000	5.040000	0.927000	1488305473	187322618	8465607	1740017	3815745	117432	
4.000000	streamcluster	1	1132	36.000000	5.040000	0.927000	1477904001	186547407	8332505	1755171	3817284	112406	
2.000000	streamcluster	1	1224	36.000000	5.048000	1.049000	1498989740	187229048	8396528	1767608	3844326	114101	
2.000000	streamcluster	1	1224	36.000000	5.040000	1.048000	1489680298	186240093	8304118	1746545	3765285	115106	
2.000000	streamcluster	1	1224	36.000000	5.040000	1.088000	1488104473	185701008	8275280	1733159	3759350	112163	
2.000000	streamcluster	1	1428	36.000000	5.040000	1.290000	1519356188	186436203	8354992	1777764	3844455	111505	
4.000000	streamcluster	1	1428	37.000000	5.040000	1.328000	1520606218	186731927	8327779	1760780	3811526	114727	
4.000000	streamcluster	1	1428	37.000000	5.040000	1.209000	1530867832	188044920	8384593	1782696	3860012	114930	
2.000000	streamcluster	1	1479	36.000000	5.032000	1.368000	1522085061	185796686	8347681	1762775	3793590	112775	
4.000000	streamcluster	1	1479	37.000000	5.032000	1.408000	1519858895	185231029	8246452	1749329	3750392	111872	
4.000000	streamcluster	1	1479	37.000000	5.032000	1.328000	1526953863	186263766	8306780	1773015	3800966	116447	
18.000000	vips	1	102	35.000000	5.064000	0.243000	1612647848	214259143	10164128	3108966	5318107	173275	
20.000000	vips	1	102	35.000000	5.072000	0.243000	1624036020	215211425	10239625	3127437	5394295	166722	
12.000000	vips	1	102	35.000000	5.072000	0.243000	1601111106	212247099	10023058	3091824	5232985	163762	
8.000000	vips	1	204	35.000000	5.072000	0.324000	1553098201	207064584	9412445	2971780	4950158	138945	
8.000000	vips	1	204	35.000000	5.072000	0.324000	1547736955	207504691	9312217	2974028	4946279	137962	
8.000000	vips	1	204	35.000000	5.064000	0.324000	1561275103	208298148	9449865	2983902	4968853	140984	
6.000000	vips	1	307	35.000000	5.064000	0.364000	1546263931	206033151	9136518	2977614	4901863	129957	
6.000000	vips	1	307	35.000000	5.064000	0.364000	1560969368	207591181	9225473	2948848	4908901	130356	
4.000000	vips	1	307	35.000000	5.072000	0.365000	1555784129	206722591	9195438	2969516	4899210	128716	
4.000000	vips	1	403	35.000000	5.064000	0.445000	1570143777	207357535	9057640	2953852	4880290	127562	
4.000000	vips	1	403	35.000000	5.064000	0.445000	1566975691	206930945	9085350	2925336	4852173	127004	
4.000000	vips	1	403	35.000000	5.064000	0.445000	1552022019	205593951	8909930	2928007	4806470	125206	
4.000000	vips	1	518	35.000000	5.064000	0.486000	1593825582	208675642	9266005	2984506	4958840	125037	
6.000000	vips	1	518	35.000000	5.072000	0.445000	1588324989	208286099	9049057	2954573	4889944	124322	
4.000000	vips	1	518	35.000000	5.064000	0.445000	1580971565	206884336	9077708	2908887	4805443	124796	
4.000000	vips	1	614	35.000000	5.064000	0.526000	1588052095	206167506	9030113	2973681	4883142	124344	
4.000000	vips	1	614	35.000000	5.064000	0.526000	1590266792	206411898	8851179	2903171	4779768	124593	
4.000000	vips	1	614	35.000000	5.072000	0.486000	1586605548	206255879	8927623	2926271	4825101	118616	
4.000000	vips	1	710	36.000000	5.064000	0.567000	1603917741	206255760	8895020	2892623	4782435	118463	
4.000000	vips	1	710	35.000000	5.064000	0.567000	1592571145	204905452	8827899	2921761	4782371	120131	
4.000000	vips	1	710	36.000000	5.064000	0.567000	1596982350	205851785	8804696	2920641	4796394	120592	
4.000000	vips	1	921	35.000000	5.064000	0.647000	1636440145	206621036	8886600	2914358	4801693	118994	
2.000000	vips	1	921	36.000000	5.064000	0.648000	1626229504	205223551	8772022	2913353	4742564	117858	
4.000000	vips	1	921	35.000000	5.064000	0.647000	1631282154	206147329	8931737	2912832	4818321	117130	
2.000000	vips	1	1036	36.000000	5.056000	0.728000	1638826828	205144196	8809576	2899633	4754824	116282	
2.000000	vips	1	1036	36.000000	5.064000	0.687000	1641170770	204722117	8998689	3003379	4904267	118616	
2.000000	vips	1	1036	36.000000	5.056000	0.728000	1640310992	204873870	9061792	2933426	4817689	117518	
4.000000	vips	1	1132	36.000000	5.056000	0.728000	1654109376	205630567	9455305	2980447	5031958	121458	
2.000000	vips	1	1132	36.000000	5.056000	0.768000	1661907863	207052511	8953118	2894271	4825190	116923	
4.000000	vips	1	1132	36.000000	5.056000	0.768000	1653706831	205430471	8823361	2912493	4765339	119985	
2.000000	vips	1	1224	36.000000	5.056000	0.849000	1653375684	204215900	8656780	2902758	4705429	116199	
4.000000	vips	1	1224	36.000000	5.056000	0.889000	1663723136	204924423	8852463	2950211	4797348	118015	
4.000000	vips	1	1224	36.000000	5.056000	0.849000	1660331979	204324664	8742469	2925484	4753799	115494	
2.000000	vips	1	1428	37.000000	5.048000	1.130000	1690728122	204980338	8801611	2941627	4784071	116628	
2.000000	vips	1	1428	36.000000	5.048000	1.130000	1692572929	204837239	8684749	2904748	4740037	116447	
2.000000	vips	1	1428	36.000000	5.048000	1.130000	1690016515	204463578	8891374	2951230	4809073	116979	
2.000000	vips	1	1479	37.000000	5.048000	1.211000	1691767433	203950386	8664639	2875494	4686625	115083	
2.000000	vips	1	1479	36.000000	5.040000	1.249000	1703585574	205560666	8671781	2886301	4723302	119146	
4.000000	vips	1	1479	37.000000	5.048000	1.209000	1694938572	204608996	8851602	2970126	4823403	116239	
16.000000	x264	1	102	35.000000	5.072000	0.243000	1436066133	193458144	9684598	1950294	4343373	150816	
16.000000	x264	1	102	35.000000	5.064000	0.243000	1433647056	193813461	9518151	1919269	4250554	154061	
14.000000	x264	1	102	35.000000	5.072000	0.243000	1499957569	196306054	9861940	1970860	4365634	172415	
8.000000	x264	1	204	35.000000	5.072000	0.324000	1418247709	192823066	9195794	1871419	4156396	135678	
10.000000	x264	1	204	35.000000	5.064000	0.324000	1411742898	191375914	9300492	1948580	4254401	137222	
8.000000	x264	1	204	35.000000	5.064000	0.324000	1407090084	190623138	9052293	1841200	4034904	138624	
6.000000	x264	1	307	35.000000	5.072000	0.364000	1409682436	191124139	8895263	1819819	4006873	129263	
6.000000	x264	1	307	35.000000	5.064000	0.364000	1411486430	190825537	8863628	1802696	3971018	128690	
6.000000	x264	1	307	35.000000	5.072000	0.365000	1419446679	192186756	8953800	1843734	4075678	129902	
4.000000	x264	1	403	35.000000	5.072000	0.405000	1417749339	190687935	8808894	1824370	3995223	126188	
6.000000	x264	1	403	35.000000	5.072000	0.405000	1428348941	191991130	8824490	1833233	4027637	124221	
6.000000	x264	1	403	35.000000	5.064000	0.405000	1415646633	190006101	8689041	1825984	3971937	127078	
4.000000	x264	1	518	35.000000	5.072000	0.446000	1419332383	188829902	8503940	1760222	3861098	120993	
2.000000	x264	1	518	35.000000	5.072000	0.446000	1414060618	188162209	8572171	1797276	3889062	123516	
2.000000	x264	1	518	35.000000	5.072000	0.445000	1430037892	190230208	8704714	1767445	3909470	120601	
4.000000	x264	1	614	36.000000	5.072000	0.446000	1430754019	188419112	8558407	1778221	3873361	119410	
2.000000	x264	1	614	36.000000	5.072000	0.486000	1435553832	189370341	8570394	1786249	3907962	119184	
2.000000	x264	1	614	35.000000	5.072000	0.486000	1439338220	189367474	8747043	1803352	3925958	123961	
4.000000	x264	1	710	35.000000	5.064000	0.526000	1438829409	187655223	8525174	1798816	3869693	118156	
4.000000	x264	1	710	35.000000	5.064000	0.526000	1443080506	188363802	8591957	1810752	3951722	116528	
2.000000	x264	1	710	36.000000	5.064000	0.486000	1456487076	190865092	8569025	1767554	3912195	119793	
2.000000	x264	1	921	35.000000	5.064000	0.567000	1487997804	190715962	8545638	1791363	3925334	116891	
4.000000	x264	1	921	36.000000	5.064000	0.567000	1479015220	188951906	8533202	1820861	3918159	117193	
2.000000	x264	1	921	36.000000	5.064000	0.567000	1483018182	189807230	8518944	1779076	3875425	120985	
2.000000	x264	1	1036	36.000000	5.064000	0.607000	1508173796	190706270	8742401	1851604	4003396	117647	
2.000000	x264	1	1036	35.000000	5.064000	0.607000	1481106024	187430469	8456548	1775658	3843111	115159	
2.000000	x264	1	1036	35.000000	5.064000	0.648000	1492629649	188637272	8532059	1797944	3892671	116147	
4.000000	x264	1	1132	36.000000	5.064000	0.648000	1500575782	189214312	8448493	1768895	3858572	116214	
2.000000	x264	1	1132	36.000000	5.064000	0.648000	1494862853	188393704	8593345	1797318	3932161	115386	
2.000000	x264	1	1132	36.000000	5.064000	0.648000	1493314950	188241646	8386305	1752961	3829996	115698	
4.000000	x264	1	1224	36.000000	5.064000	0.728000	1507680193	188489498	8558769	1788413	3867082	114465	
4.000000	x264	1	1224	35.000000	5.064000	0.729000	1504138417	187694932	8339973	1769405	3801975	120310	
2.000000	x264	1	1224	36.000000	5.064000	0.728000	1499486984	187260739	8318390	1743920	3780706	115451	
2.000000	x264	1	1428	37.000000	5.056000	0.930000	1527908052	186909003	8318383	1778478	3816359	113701	
2.000000	x264	1	1428	37.000000	5.048000	0.969000	1528235637	186796329	8329909	1796411	3837460	114120	
4.000000	x264	1	1428	37.000000	5.056000	0.930000	1547633065	190003074	8433420	1755386	3868064	117208	
4.000000	x264	1	1479	37.000000	5.056000	0.970000	1537071363	187521844	8244671	1745209	3777846	114684	
2.000000	x264	1	1479	37.000000	5.056000	0.970000	1530644242	186714791	8319073	1757819	3790649	114685	
2.000000	x264	1	1479	36.000000	5.056000	0.970000	1532448524	187123550	8247656	1756278	3786389	112952	
