Run Duration (ms)	Benchmark	Run(#)	CPU Frequency (MHz)	CPU Temperature(C)	Voltage[V]	Power[W]	CPU_CYCLES	BUS_ACCESS_PERIPH	MEM_ACCESS_LD	MEM_ACCESS_ST	UNALIGNED_LD_SPEC	UNALIGNED_ST_SPEC
26.000000	blackscholes	1	102	35.000000	5.072000	0.243000	1439941219	31811	257202919	194340849	942784	66316	
18.000000	blackscholes	1	102	35.000000	5.064000	0.243000	1455086378	31170	259816232	196000207	1056285	66646	
22.000000	blackscholes	1	102	35.000000	5.064000	0.283000	1460060825	31572	261647331	197482717	1168373	67264	
8.000000	blackscholes	1	204	35.000000	5.056000	0.404000	1426738766	15751	257670901	194302433	1157296	67430	
6.000000	blackscholes	1	204	35.000000	5.056000	0.404000	1402525353	14774	254199336	191784490	1288727	66162	
8.000000	blackscholes	1	204	35.000000	5.056000	0.404000	1416353858	17282	254785802	192258355	1291624	65863	
4.000000	blackscholes	1	307	35.000000	5.056000	0.444000	1411588374	11649	253827091	191437972	931267	67348	
6.000000	blackscholes	1	307	35.000000	5.056000	0.444000	1404074524	10911	252820356	190733269	1154220	66605	
6.000000	blackscholes	1	307	35.000000	5.056000	0.444000	1403863925	11569	252403939	190574246	1156557	66717	
4.000000	blackscholes	1	403	35.000000	5.056000	0.525000	1407808843	8508	252384212	190359756	932442	66617	
4.000000	blackscholes	1	403	35.000000	5.056000	0.525000	1397932915	8740	249652001	188477121	1156302	65374	
4.000000	blackscholes	1	403	35.000000	5.056000	0.525000	1411474684	9526	252222959	190186186	1041620	66202	
6.000000	blackscholes	1	518	35.000000	5.048000	0.605000	1414026100	6622	250353510	188816381	927930	66378	
6.000000	blackscholes	1	518	35.000000	5.048000	0.605000	1410026965	6606	249883098	188503179	928614	65366	
2.000000	blackscholes	1	518	35.000000	5.048000	0.605000	1418521120	6331	251464140	189793873	928960	66244	
4.000000	blackscholes	1	614	35.000000	5.048000	0.646000	1428687772	5795	250435478	189010165	1281559	65563	
4.000000	blackscholes	1	614	35.000000	5.048000	0.686000	1434741688	5719	251834815	189774182	1280369	66544	
2.000000	blackscholes	1	614	35.000000	5.048000	0.686000	1429645143	5722	250993186	189434863	1041194	65719	
4.000000	blackscholes	1	710	35.000000	5.048000	0.726000	1431705601	5257	248683767	188114446	928435	66163	
4.000000	blackscholes	1	710	35.000000	5.048000	0.726000	1442261733	5347	250415164	188766245	1155328	66867	
4.000000	blackscholes	1	710	35.000000	5.048000	0.726000	1434130165	5059	249255963	188307122	1035312	66196	
2.000000	blackscholes	1	921	35.000000	5.040000	0.846000	1463478667	4309	248991511	187830587	929942	65601	
2.000000	blackscholes	1	921	36.000000	5.040000	0.806000	1473511099	5195	250525469	189028015	928322	66228	
2.000000	blackscholes	1	921	35.000000	5.040000	0.927000	1474818054	4498	251385638	189548143	1282666	65861	
2.000000	blackscholes	1	1036	35.000000	5.040000	0.927000	1489771237	4074	250047167	188742437	1285732	66006	
4.000000	blackscholes	1	1036	35.000000	5.048000	0.967000	1491115541	3792	250644217	189005061	1039287	65593	
4.000000	blackscholes	1	1036	35.000000	5.048000	0.888000	1481235950	3720	248916249	187785976	1147674	65806	
4.000000	blackscholes	1	1132	36.000000	5.040000	0.967000	1476964934	3931	247917458	187158490	932112	65959	
4.000000	blackscholes	1	1132	36.000000	5.040000	0.967000	1496215963	3813	251448382	189662975	1039329	66406	
4.000000	blackscholes	1	1132	36.000000	5.040000	0.927000	1493091418	4099	249910147	188592740	930107	66171	
4.000000	blackscholes	1	1224	36.000000	5.040000	1.088000	1510264229	4165	250148219	188709765	1037681	65926	
2.000000	blackscholes	1	1224	36.000000	5.040000	1.048000	1508826311	3657	250314305	188963879	1038709	66443	
4.000000	blackscholes	1	1224	36.000000	5.040000	1.128000	1499905460	3881	249205614	187969935	1033709	65409	
2.000000	blackscholes	1	1428	36.000000	5.032000	1.368000	1542927117	3221	251375665	189578722	933402	67190	
2.000000	blackscholes	1	1428	36.000000	5.032000	1.368000	1536095457	3408	250654133	189112842	1153867	67167	
2.000000	blackscholes	1	1428	36.000000	5.032000	1.368000	1536958800	3585	250130619	188606559	1035055	65994	
4.000000	blackscholes	1	1479	37.000000	5.032000	1.449000	1546458159	3232	250159498	189000106	1040924	65178	
4.000000	blackscholes	1	1479	36.000000	5.032000	1.449000	1544394134	2987	250374293	188877929	1151650	65888	
4.000000	blackscholes	1	1479	37.000000	5.032000	1.408000	1538476915	3321	249261067	188193723	1037031	65724	
22.000000	bodytrack	1	102	35.000000	5.064000	0.243000	1696527368	39604	334407095	215268735	1269098	69950	
22.000000	bodytrack	1	102	35.000000	5.072000	0.243000	1688131205	37484	331513810	212884061	1048481	69092	
22.000000	bodytrack	1	102	35.000000	5.072000	0.243000	1690471308	37091	332755194	213985373	1397216	69477	
6.000000	bodytrack	1	204	35.000000	5.064000	0.324000	1664090249	18396	330447187	211994450	1033733	69859	
6.000000	bodytrack	1	204	35.000000	5.064000	0.324000	1645756353	17434	326867578	209363968	1256660	69417	
8.000000	bodytrack	1	204	35.000000	5.064000	0.324000	1640688440	18766	326708604	209473839	1253236	69312	
6.000000	bodytrack	1	307	35.000000	5.064000	0.364000	1641211707	13569	325259834	208102505	1248601	68875	
6.000000	bodytrack	1	307	35.000000	5.064000	0.364000	1652148895	13525	327350471	209783550	1254864	70008	
6.000000	bodytrack	1	307	35.000000	5.064000	0.364000	1642331980	13089	325339164	208222647	1028515	69028	
4.000000	bodytrack	1	403	35.000000	5.064000	0.405000	1647421421	10255	324118195	207284218	1028921	69131	
6.000000	bodytrack	1	403	35.000000	5.064000	0.405000	1645100828	9524	325061210	207904026	1377722	68866	
4.000000	bodytrack	1	403	35.000000	5.064000	0.445000	1648595126	10746	324515138	207893998	1139379	68758	
6.000000	bodytrack	1	518	35.000000	5.064000	0.486000	1661135287	8089	324172900	207435117	1381312	68374	
4.000000	bodytrack	1	518	35.000000	5.064000	0.486000	1659120478	8761	323855965	206978195	1377507	69078	
4.000000	bodytrack	1	518	35.000000	5.064000	0.486000	1664437414	8788	325280112	207973045	1023979	69555	
4.000000	bodytrack	1	614	35.000000	5.064000	0.526000	1670315470	7297	323602502	207034721	1253141	68983	
4.000000	bodytrack	1	614	35.000000	5.064000	0.526000	1670611196	8088	323361095	206829749	1029527	69037	
4.000000	bodytrack	1	614	35.000000	5.064000	0.526000	1676321356	6452	325020600	207787367	1130914	69280	
4.000000	bodytrack	1	710	35.000000	5.056000	0.566000	1683055016	7139	322635146	206327892	1248968	68799	
4.000000	bodytrack	1	710	35.000000	5.056000	0.566000	1684451698	6471	323350515	206789991	1380647	69326	
2.000000	bodytrack	1	710	36.000000	5.056000	0.566000	1679230039	6943	322412619	206260796	1250907	69067	
4.000000	bodytrack	1	921	36.000000	5.048000	0.686000	1712694552	4759	322699102	206205218	1377061	68786	
4.000000	bodytrack	1	921	36.000000	5.056000	0.687000	1711247580	5927	322322247	205940314	1250683	69092	
2.000000	bodytrack	1	921	35.000000	5.056000	0.726000	1720514008	5547	323223544	206618337	1251841	69614	
4.000000	bodytrack	1	1036	35.000000	5.048000	0.848000	1724830418	5428	320885708	205158874	1250351	68272	
4.000000	bodytrack	1	1036	35.000000	5.048000	0.848000	1731188714	4865	322838725	206180635	1241652	69529	
4.000000	bodytrack	1	1036	36.000000	5.048000	0.848000	1725831419	4900	322066566	205732355	1133105	69447	
4.000000	bodytrack	1	1132	36.000000	5.048000	0.888000	1734949818	5292	322179929	205977414	1246719	69270	
2.000000	bodytrack	1	1132	36.000000	5.040000	0.846000	1729793170	4811	321067447	204989151	1378654	68252	
2.000000	bodytrack	1	1132	36.000000	5.040000	0.846000	1748090316	4761	325014390	207742757	1244773	69830	
4.000000	bodytrack	1	1224	36.000000	5.040000	0.967000	1761459470	5040	324721412	207477464	1247367	69554	
4.000000	bodytrack	1	1224	36.000000	5.040000	0.966000	1750994215	4568	322457464	205829227	1133447	68813	
2.000000	bodytrack	1	1224	36.000000	5.048000	0.928000	1748302650	5121	321653264	205553986	1250821	68770	
2.000000	bodytrack	1	1428	36.000000	5.032000	1.207000	1765232511	3945	319752250	204166316	1136320	68356	
4.000000	bodytrack	1	1428	37.000000	5.032000	1.249000	1761565293	3704	319630987	204186486	1135764	68598	
2.000000	bodytrack	1	1428	37.000000	5.040000	1.207000	1788047485	3599	323370037	206721394	1134450	69316	
2.000000	bodytrack	1	1479	36.000000	5.032000	1.288000	1799836377	4094	324889005	207484322	1137620	69372	
2.000000	bodytrack	1	1479	37.000000	5.032000	1.288000	1785447173	3530	321560291	205302868	1025176	68955	
6.000000	bodytrack	1	1479	36.000000	5.032000	1.288000	1788785210	3654	322013084	205977705	1025674	68761	
12.000000	dedup	1	102	35.000000	5.064000	0.243000	1460234392	31640	261599104	197942120	1057315	60296	
22.000000	dedup	1	102	35.000000	5.064000	0.243000	1464091798	30928	262349192	198567922	1060431	60897	
14.000000	dedup	1	102	35.000000	5.072000	0.243000	1472149205	32216	264223170	200027065	1059142	61591	
8.000000	dedup	1	204	35.000000	5.064000	0.364000	1409720326	15705	254690756	192893091	1163679	60728	
8.000000	dedup	1	204	35.000000	5.056000	0.364000	1423171620	15601	257963099	195075057	1297202	60735	
8.000000	dedup	1	204	35.000000	5.064000	0.364000	1423625465	16058	257362294	194627439	1293697	59888	
6.000000	dedup	1	307	35.000000	5.056000	0.444000	1417097280	11278	256210501	193572427	1047272	61081	
6.000000	dedup	1	307	35.000000	5.056000	0.444000	1408903735	11251	253370759	191779323	1292411	60177	
6.000000	dedup	1	307	35.000000	5.048000	0.484000	1406067739	10488	253443745	191901547	1291388	60300	
8.000000	dedup	1	403	35.000000	5.056000	0.525000	1408383403	8462	252465132	191143698	938823	60012	
6.000000	dedup	1	403	35.000000	5.056000	0.566000	1418567469	9020	253587207	191925189	940675	60924	
6.000000	dedup	1	403	35.000000	5.056000	0.524000	1438483323	8789	257984071	194868940	1160252	61428	
6.000000	dedup	1	518	35.000000	5.048000	0.605000	1436123044	7008	254654437	192667828	1162703	61362	
4.000000	dedup	1	518	35.000000	5.048000	0.605000	1442687478	6728	256968993	194128091	935206	61688	
4.000000	dedup	1	518	36.000000	5.048000	0.605000	1428808154	7480	252770776	191285402	1049554	60802	
2.000000	dedup	1	614	36.000000	5.048000	0.686000	1447088599	6331	254500982	192446951	1290391	60935	
4.000000	dedup	1	614	35.000000	5.048000	0.646000	1459289150	6291	256578543	194005482	1044047	60945	
4.000000	dedup	1	614	36.000000	5.048000	0.646000	1444655355	6398	254048367	192289700	1045213	60623	
4.000000	dedup	1	710	35.000000	5.048000	0.726000	1456875716	5765	254171818	192182162	1288030	60269	
2.000000	dedup	1	710	35.000000	5.048000	0.726000	1466525544	5539	255898663	193458420	1288082	61176	
4.000000	dedup	1	710	36.000000	5.040000	0.725000	1458090161	5916	254428042	192418070	1157217	60338	
4.000000	dedup	1	921	36.000000	5.040000	0.846000	1487277841	5050	253176745	191783381	1293307	60580	
2.000000	dedup	1	921	36.000000	5.040000	0.846000	1490643214	4849	254007577	192100116	939359	61408	
4.000000	dedup	1	921	36.000000	5.040000	0.807000	1502364830	4968	255842789	193355296	1045677	61253	
2.000000	dedup	1	1036	36.000000	5.040000	0.966000	1502180289	4241	252917254	191272379	1046611	60820	
2.000000	dedup	1	1036	36.000000	5.040000	0.967000	1496379851	4319	252676601	191208266	1157877	60682	
4.000000	dedup	1	1036	36.000000	5.040000	0.967000	1498478054	4295	252326709	190855883	1285391	60228	
4.000000	dedup	1	1132	35.000000	5.032000	1.046000	1504466923	3837	252165809	190650544	1160529	60852	
2.000000	dedup	1	1132	36.000000	5.040000	0.967000	1507539998	3721	252553226	191415850	938395	60455	
4.000000	dedup	1	1132	36.000000	5.040000	1.008000	1503811506	3905	252569037	191152115	1157085	59962	
4.000000	dedup	1	1224	36.000000	5.040000	1.086000	1518642785	3548	252602320	190982168	935519	60455	
4.000000	dedup	1	1224	36.000000	5.032000	1.167000	1518996005	3870	252726153	191205965	930902	60629	
4.000000	dedup	1	1224	36.000000	5.032000	1.127000	1527655893	4448	253300664	191542831	938374	60927	
2.000000	dedup	1	1428	36.000000	5.032000	1.408000	1538388399	3677	251081214	189900022	1158255	60219	
2.000000	dedup	1	1428	37.000000	5.032000	1.449000	1553898148	3699	254098787	191957601	935771	60923	
2.000000	dedup	1	1428	37.000000	5.032000	1.366000	1544740634	3315	252123180	190810794	1159961	60690	
2.000000	dedup	1	1479	37.000000	5.024000	1.446000	1552899783	3076	252221562	190831448	1044833	59976	
2.000000	dedup	1	1479	36.000000	5.024000	1.446000	1554815570	3573	251444533	190391769	1041460	59973	
2.000000	dedup	1	1479	37.000000	5.024000	1.487000	1564679479	3388	253677486	191685005	934230	60517	
16.000000	ferret	1	102	35.000000	5.064000	0.243000	1465259692	31047	263174604	197343488	1173037	70648	
14.000000	ferret	1	102	35.000000	5.072000	0.243000	1465746381	32500	263311459	197463427	1058325	70611	
24.000000	ferret	1	102	35.000000	5.064000	0.243000	1470773832	31385	265318594	198847040	1061825	70527	
6.000000	ferret	1	204	35.000000	5.072000	0.324000	1448978518	16407	262630537	196509994	943200	70845	
8.000000	ferret	1	204	35.000000	5.072000	0.324000	1432098800	15715	258764226	193784575	943521	69657	
8.000000	ferret	1	204	35.000000	5.072000	0.324000	1442928090	16249	260763240	195019200	1053153	69322	
6.000000	ferret	1	307	35.000000	5.072000	0.365000	1416377597	11303	255976837	191950105	1294045	69882	
6.000000	ferret	1	307	35.000000	5.064000	0.364000	1434970633	11344	258370575	193476335	1164229	70585	
6.000000	ferret	1	307	35.000000	5.072000	0.364000	1431199331	11428	258138786	193216895	946806	70283	
4.000000	ferret	1	403	35.000000	5.072000	0.405000	1436672876	9145	257325735	192640555	943263	69836	
4.000000	ferret	1	403	35.000000	5.072000	0.405000	1437477528	8855	257144907	192693796	942362	69997	
6.000000	ferret	1	403	35.000000	5.072000	0.405000	1440475725	9389	257581094	192964608	1047370	69517	
4.000000	ferret	1	518	35.000000	5.072000	0.446000	1449670630	7237	256981785	192408185	1044788	71012	
4.000000	ferret	1	518	35.000000	5.072000	0.446000	1443816467	8034	255661041	191492357	1293508	69559	
4.000000	ferret	1	518	35.000000	5.072000	0.446000	1456642995	7196	257869166	193244506	1291343	70927	
4.000000	ferret	1	614	35.000000	5.072000	0.486000	1464713481	6582	256946502	192402285	1048197	69727	
4.000000	ferret	1	614	35.000000	5.072000	0.486000	1453039713	6047	255520738	191157574	935539	70067	
4.000000	ferret	1	614	35.000000	5.072000	0.446000	1462663966	5980	256949465	192515491	936463	69113	
4.000000	ferret	1	710	35.000000	5.064000	0.526000	1467866381	5893	255720360	191586424	939351	69499	
2.000000	ferret	1	710	35.000000	5.064000	0.526000	1467223537	5540	255847357	191766228	1160470	70262	
4.000000	ferret	1	710	35.000000	5.064000	0.486000	1475836298	5825	257338085	192478779	935513	70847	
2.000000	ferret	1	921	35.000000	5.064000	0.567000	1498878211	4518	255562492	191464325	1161932	69782	
2.000000	ferret	1	921	36.000000	5.064000	0.567000	1515880824	4447	258509578	193549710	937958	70583	
4.000000	ferret	1	921	35.000000	5.064000	0.607000	1504294408	4487	256748106	192249863	937045	70506	
4.000000	ferret	1	1036	35.000000	5.064000	0.648000	1521079222	4467	256270542	191928005	1047117	70241	
2.000000	ferret	1	1036	36.000000	5.056000	0.728000	1517891313	4073	255448502	191453507	1163045	70082	
2.000000	ferret	1	1036	36.000000	5.064000	0.648000	1510963632	4028	254571503	190804947	1287712	68944	
2.000000	ferret	1	1132	36.000000	5.064000	0.607000	1518692408	4064	254882531	190722206	1292716	69696	
2.000000	ferret	1	1132	35.000000	5.064000	0.648000	1528296665	4490	255571316	191664132	1163388	69801	
4.000000	ferret	1	1132	36.000000	5.064000	0.648000	1522919708	3941	256594750	192081596	937574	70383	
4.000000	ferret	1	1224	35.000000	5.064000	0.729000	1536548148	3686	256107920	191747026	1290593	68481	
2.000000	ferret	1	1224	36.000000	5.064000	0.728000	1540741663	3763	256837987	192497271	938628	70921	
2.000000	ferret	1	1224	36.000000	5.064000	0.729000	1533990235	3928	255851656	191500562	1158552	70200	
2.000000	ferret	1	1428	36.000000	5.056000	0.930000	1560173296	3303	255238557	191027956	939576	69902	
4.000000	ferret	1	1428	35.000000	5.056000	0.930000	1567524823	3611	256065978	191618105	1162523	69489	
4.000000	ferret	1	1428	36.000000	5.056000	0.930000	1569107633	3808	256572273	191854927	936149	69325	
4.000000	ferret	1	1479	37.000000	5.056000	0.970000	1569012705	3519	254232514	190442482	1044627	68461	
4.000000	ferret	1	1479	37.000000	5.056000	1.009000	1580330605	3121	256785951	192077131	937844	70234	
2.000000	ferret	1	1479	37.000000	5.048000	1.009000	1575942847	3279	255734160	191548833	1289381	69727	
28.000000	fluidanimate	1	102	35.000000	5.064000	0.243000	1502673498	34295	275211243	203284450	1425975	86988	
14.000000	fluidanimate	1	102	35.000000	5.064000	0.243000	1494567862	34103	273033256	201682052	1178439	82190	
24.000000	fluidanimate	1	102	35.000000	5.072000	0.243000	1484162895	34033	270959179	200248162	1426417	85656	
8.000000	fluidanimate	1	204	35.000000	5.056000	0.364000	1454126150	15915	267770532	197406088	1063419	81807	
8.000000	fluidanimate	1	204	35.000000	5.064000	0.364000	1438726349	15883	266275387	196362235	1281636	81287	
8.000000	fluidanimate	1	204	35.000000	5.064000	0.364000	1458860346	17928	268937945	198275356	1062316	82200	
4.000000	fluidanimate	1	307	35.000000	5.064000	0.404000	1470118924	11455	270966146	199362782	1060599	88048	
4.000000	fluidanimate	1	307	35.000000	5.056000	0.404000	1454985385	13375	267007199	196921605	1166841	81717	
8.000000	fluidanimate	1	307	35.000000	5.056000	0.444000	1453978965	12234	267427153	197135541	1167233	86693	
4.000000	fluidanimate	1	403	35.000000	5.056000	0.485000	1457563854	9128	267042494	196929791	1414549	81860	
4.000000	fluidanimate	1	403	35.000000	5.056000	0.525000	1447264944	9409	263933543	194643241	1411961	86151	
4.000000	fluidanimate	1	403	36.000000	5.056000	0.485000	1451771552	9201	264981405	195446612	1410061	86087	
4.000000	fluidanimate	1	518	36.000000	5.048000	0.566000	1470595311	7478	265899583	195894623	1060724	87287	
2.000000	fluidanimate	1	518	36.000000	5.048000	0.565000	1457224902	7516	264251681	194800997	1060291	82464	
2.000000	fluidanimate	1	518	35.000000	5.040000	0.604000	1460299504	7241	264098502	194603713	1411107	82228	
2.000000	fluidanimate	1	614	35.000000	5.040000	0.645000	1478438217	6479	265402886	195604133	1059731	81821	
4.000000	fluidanimate	1	614	35.000000	5.048000	0.646000	1480385545	6978	265158730	195646205	1058291	82403	
2.000000	fluidanimate	1	614	36.000000	5.048000	0.646000	1482201733	6346	265408847	195727141	1281376	82292	
4.000000	fluidanimate	1	710	36.000000	5.048000	0.726000	1491485391	5969	265600509	195742242	1409415	80993	
4.000000	fluidanimate	1	710	36.000000	5.048000	0.686000	1508239034	6086	268243036	197462893	1406418	87118	
4.000000	fluidanimate	1	710	36.000000	5.048000	0.726000	1489004887	5471	265176109	195455881	1054717	87623	
4.000000	fluidanimate	1	921	36.000000	5.040000	0.846000	1511899466	5558	263154385	193888300	1171244	80878	
4.000000	fluidanimate	1	921	36.000000	5.048000	0.807000	1520970483	4646	264963032	195181705	1164349	86420	
4.000000	fluidanimate	1	921	36.000000	5.040000	0.846000	1517349055	4652	264442533	194995450	1281414	87532	
4.000000	fluidanimate	1	1036	36.000000	5.032000	1.006000	1528808896	4261	262651064	193829595	1282052	81893	
2.000000	fluidanimate	1	1036	36.000000	5.040000	0.887000	1541619089	4087	264892295	195144937	1170790	81156	
4.000000	fluidanimate	1	1036	36.000000	5.040000	0.927000	1544393147	4185	265998923	195884917	1060129	86489	
2.000000	fluidanimate	1	1132	36.000000	5.032000	1.006000	1525780110	4232	261984902	193185807	1412111	81257	
2.000000	fluidanimate	1	1132	36.000000	5.040000	0.967000	1538092526	4315	263820775	194619486	1057182	86357	
2.000000	fluidanimate	1	1132	36.000000	5.040000	0.967000	1538510105	4035	264081995	194596595	1407678	82239	
4.000000	fluidanimate	1	1224	36.000000	5.040000	1.008000	1543926487	3977	261889890	193057569	1058132	86268	
2.000000	fluidanimate	1	1224	36.000000	5.032000	1.127000	1556972798	4724	263224108	194303056	1406606	86633	
2.000000	fluidanimate	1	1224	36.000000	5.032000	1.088000	1555889691	3823	263424465	194324529	1165056	81528	
2.000000	fluidanimate	1	1428	37.000000	5.024000	1.406000	1595421685	3703	265626689	195792473	1279461	87337	
4.000000	fluidanimate	1	1428	37.000000	5.024000	1.446000	1582889889	3311	264098945	194684914	1278726	82207	
2.000000	fluidanimate	1	1428	36.000000	5.024000	1.527000	1586742903	3836	263819737	194564322	1279037	81399	
2.000000	fluidanimate	1	1479	37.000000	5.024000	1.446000	1608264165	3646	267658075	197093271	1408188	87238	
4.000000	fluidanimate	1	1479	38.000000	5.016000	1.605000	1580286439	3330	262387085	193390383	1403933	86115	
2.000000	fluidanimate	1	1479	37.000000	5.016000	1.487000	1586628096	3260	262692658	193567374	1163224	86229	
18.000000	freqmine	1	102	35.000000	5.072000	0.243000	1466558864	31181	262922257	199503909	1057207	82856	
18.000000	freqmine	1	102	35.000000	5.072000	0.243000	1490019497	30757	266665502	202313758	948182	84613	
14.000000	freqmine	1	102	35.000000	5.072000	0.243000	1462109489	31459	261067995	198320720	948493	83013	
8.000000	freqmine	1	204	35.000000	5.064000	0.324000	1440893657	16613	259519661	196856500	1160520	83602	
8.000000	freqmine	1	204	35.000000	5.064000	0.324000	1435177029	16043	259349105	196790023	1159776	83703	
8.000000	freqmine	1	204	35.000000	5.064000	0.324000	1453479800	16909	262147119	198483570	937060	84191	
6.000000	freqmine	1	307	35.000000	5.056000	0.404000	1426301206	12202	256488226	194472845	1288196	83162	
4.000000	freqmine	1	307	35.000000	5.056000	0.444000	1429613928	11369	256942911	194885473	936128	83618	
6.000000	freqmine	1	307	35.000000	5.056000	0.444000	1417950039	10690	254595525	193387926	935698	83028	
6.000000	freqmine	1	403	35.000000	5.056000	0.485000	1431800630	8790	256354024	194411277	1158126	83317	
4.000000	freqmine	1	403	35.000000	5.056000	0.485000	1437385059	9146	256685707	194609356	936136	83982	
4.000000	freqmine	1	403	35.000000	5.056000	0.485000	1431229901	8585	255525415	193845703	933592	83461	
4.000000	freqmine	1	518	35.000000	5.056000	0.566000	1438876340	7834	253980460	192968071	1040218	83334	
4.000000	freqmine	1	518	35.000000	5.056000	0.565000	1457233307	7561	258242210	195798480	1288625	84700	
4.000000	freqmine	1	518	35.000000	5.056000	0.566000	1466779964	7651	259422452	196563838	1289803	83502	
4.000000	freqmine	1	614	36.000000	5.048000	0.605000	1461334460	6329	255570437	193781840	934762	83258	
2.000000	freqmine	1	614	35.000000	5.048000	0.605000	1470926635	5635	258017587	195709981	1154387	84219	
4.000000	freqmine	1	614	36.000000	5.048000	0.605000	1449497308	5696	253740278	192533432	1153541	82422	
4.000000	freqmine	1	710	36.000000	5.048000	0.726000	1467624729	5674	255307608	193693923	1044809	83166	
4.000000	freqmine	1	710	36.000000	5.048000	0.686000	1458699541	5624	252808071	192056917	1285962	82736	
2.000000	freqmine	1	710	35.000000	5.048000	0.686000	1477376821	5877	256268134	194613027	1157967	83336	
2.000000	freqmine	1	921	36.000000	5.040000	0.887000	1483115802	4335	252284498	191570843	929703	83281	
4.000000	freqmine	1	921	36.000000	5.048000	0.807000	1491736690	4587	253349277	192474683	1284494	82093	
4.000000	freqmine	1	921	36.000000	5.040000	0.806000	1495590310	4533	253848008	192785037	930786	83251	
2.000000	freqmine	1	1036	36.000000	5.040000	0.967000	1511969344	4396	254130275	192778921	1041909	83226	
2.000000	freqmine	1	1036	36.000000	5.040000	0.927000	1516850328	4476	255073618	193665395	1156725	82960	
4.000000	freqmine	1	1036	36.000000	5.040000	0.927000	1528099909	4693	257573188	195025454	931912	83945	
4.000000	freqmine	1	1132	36.000000	5.040000	0.887000	1509042200	4252	252101111	191336886	1155053	82460	
2.000000	freqmine	1	1132	36.000000	5.032000	1.008000	1527290905	4503	255200169	193566219	1036429	83216	
4.000000	freqmine	1	1132	36.000000	5.040000	0.887000	1522597519	4052	254845028	193442345	1042146	83358	
2.000000	freqmine	1	1224	36.000000	5.032000	1.006000	1542849813	3786	256457058	194394704	1040601	83846	
2.000000	freqmine	1	1224	36.000000	5.032000	1.086000	1543068919	3832	255613200	193909707	928839	84033	
2.000000	freqmine	1	1224	36.000000	5.032000	1.046000	1521984150	3585	252376214	191591894	1042270	83162	
4.000000	freqmine	1	1428	36.000000	5.024000	1.366000	1568043645	3795	255799072	193809632	1044585	84184	
2.000000	freqmine	1	1428	37.000000	5.024000	1.366000	1569993638	3476	255987746	193960727	1043278	84041	
2.000000	freqmine	1	1428	37.000000	5.032000	1.247000	1561382858	3647	254473094	193093740	1153415	83075	
2.000000	freqmine	1	1479	37.000000	5.032000	1.328000	1564541377	3623	253574888	192552525	1043840	82327	
2.000000	freqmine	1	1479	37.000000	5.024000	1.446000	1567319917	3654	253304362	192120354	1043191	83068	
4.000000	freqmine	1	1479	36.000000	5.024000	1.487000	1568222010	3748	253802154	192687114	1042313	83057	
24.000000	streamcluster	1	102	35.000000	5.072000	0.243000	1434374701	30530	258218647	194907283	1295973	59066	
18.000000	streamcluster	1	102	35.000000	5.072000	0.243000	1433418794	31301	256423833	193701104	1293782	59347	
22.000000	streamcluster	1	102	35.000000	5.064000	0.243000	1445516966	31162	259403390	195746394	942925	59836	
8.000000	streamcluster	1	204	35.000000	5.056000	0.364000	1407403999	16753	254956165	191926124	1044253	59820	
8.000000	streamcluster	1	204	35.000000	5.056000	0.364000	1402806418	16124	254626716	191799158	1286595	59929	
8.000000	streamcluster	1	204	35.000000	5.056000	0.404000	1399494688	16587	253452382	191133416	1040357	59443	
6.000000	streamcluster	1	307	35.000000	5.056000	0.444000	1388169199	10624	250548016	188950271	1151282	60066	
6.000000	streamcluster	1	307	35.000000	5.056000	0.444000	1415351905	11616	255822408	192631987	925891	60048	
6.000000	streamcluster	1	307	35.000000	5.056000	0.444000	1400181197	11670	252369984	190326342	927767	60048	
6.000000	streamcluster	1	403	35.000000	5.056000	0.525000	1403803513	8902	252050772	190090138	1283340	60071	
4.000000	streamcluster	1	403	35.000000	5.056000	0.524000	1406320966	8466	251584501	189626559	1281586	59978	
4.000000	streamcluster	1	403	35.000000	5.056000	0.525000	1401531344	8627	250923942	189148129	1146323	60182	
4.000000	streamcluster	1	518	35.000000	5.048000	0.565000	1417573598	7295	251438087	189571153	1147717	59373	
4.000000	streamcluster	1	518	35.000000	5.048000	0.566000	1392426853	6654	247950236	187174621	1146550	58853	
4.000000	streamcluster	1	518	35.000000	5.048000	0.605000	1412297657	7268	250833157	189084863	1277140	59601	
4.000000	streamcluster	1	614	36.000000	5.048000	0.686000	1425111465	6180	249893531	188515531	1282401	59320	
4.000000	streamcluster	1	614	35.000000	5.048000	0.686000	1425168168	6582	250542256	188812996	927020	58445	
4.000000	streamcluster	1	614	35.000000	5.048000	0.686000	1413583933	5969	248248769	187416463	1036128	59619	
4.000000	streamcluster	1	710	36.000000	5.048000	0.767000	1440502760	5686	251209073	189381725	1147791	59312	
4.000000	streamcluster	1	710	36.000000	5.048000	0.726000	1441784240	5107	251194805	189435453	1279673	59996	
4.000000	streamcluster	1	710	36.000000	5.048000	0.686000	1435253368	5321	250120890	188607407	925418	59497	
4.000000	streamcluster	1	921	35.000000	5.048000	0.848000	1478600324	4823	252573171	190184510	1282273	60509	
4.000000	streamcluster	1	921	36.000000	5.048000	0.807000	1465130731	5276	249489724	188014845	924646	59788	
2.000000	streamcluster	1	921	36.000000	5.048000	0.888000	1463316687	4878	250159289	188517493	1277127	59738	
2.000000	streamcluster	1	1036	36.000000	5.040000	0.887000	1478445993	4145	250231646	188655615	1278226	59696	
4.000000	streamcluster	1	1036	36.000000	5.048000	0.928000	1469900127	3991	248168082	187481048	1149991	59299	
2.000000	streamcluster	1	1036	36.000000	5.048000	0.928000	1484259406	4304	250614231	188976682	1146450	59384	
4.000000	streamcluster	1	1132	36.000000	5.048000	0.928000	1485335522	3860	250025434	188443896	1152138	59433	
2.000000	streamcluster	1	1132	36.000000	5.040000	0.927000	1482653426	3801	248500963	187447057	1146355	59411	
2.000000	streamcluster	1	1132	36.000000	5.040000	0.927000	1485125917	4043	249729501	188225626	925698	59447	
2.000000	streamcluster	1	1224	36.000000	5.048000	1.048000	1501723294	3987	250359540	188585219	1147640	59464	
2.000000	streamcluster	1	1224	36.000000	5.040000	1.048000	1486114272	3579	247690091	186863229	1034104	59299	
2.000000	streamcluster	1	1224	36.000000	5.040000	1.088000	1497699877	4223	249345517	188182539	923580	59411	
4.000000	streamcluster	1	1428	36.000000	5.040000	1.249000	1513010525	3233	247254268	186526888	1031950	58738	
2.000000	streamcluster	1	1428	36.000000	5.032000	1.328000	1530272877	3323	251307536	189337320	1031127	59110	
2.000000	streamcluster	1	1428	36.000000	5.040000	1.330000	1526847444	3348	250291899	188605279	929139	59379	
2.000000	streamcluster	1	1479	37.000000	5.040000	1.328000	1536272264	3367	249571624	188410131	1038297	59985	
4.000000	streamcluster	1	1479	37.000000	5.032000	1.408000	1530761182	3650	248814790	187786006	1032864	58978	
2.000000	streamcluster	1	1479	36.000000	5.040000	1.290000	1524136358	3181	247589637	186690506	1033553	59350	
24.000000	vips	1	102	35.000000	5.072000	0.243000	1609139278	34370	291304898	214553387	1395497	72808	
14.000000	vips	1	102	35.000000	5.072000	0.243000	1596839384	34395	288466532	212523256	1041129	72749	
14.000000	vips	1	102	35.000000	5.072000	0.243000	1620545560	35889	292930334	215545631	1040584	73805	
6.000000	vips	1	204	35.000000	5.072000	0.324000	1565478585	17595	285231385	209816017	1027680	73089	
6.000000	vips	1	204	35.000000	5.064000	0.324000	1567775735	16408	287119707	211035242	1137702	72397	
8.000000	vips	1	204	35.000000	5.072000	0.324000	1561191375	18024	283862117	208792959	1138061	71797	
6.000000	vips	1	307	35.000000	5.072000	0.364000	1558032298	12843	283542106	208496980	1647605	72759	
6.000000	vips	1	307	35.000000	5.064000	0.364000	1563352097	12277	283689161	208585735	1650571	72192	
6.000000	vips	1	307	35.000000	5.072000	0.364000	1553785720	12338	281971804	207514642	1025795	72198	
4.000000	vips	1	403	35.000000	5.072000	0.405000	1561869241	9396	281946266	207396190	1134012	72639	
4.000000	vips	1	403	35.000000	5.064000	0.405000	1572882860	9586	283655527	208565605	1377668	72300	
4.000000	vips	1	403	35.000000	5.064000	0.445000	1568274516	10396	283311944	208411562	1402052	72859	
4.000000	vips	1	518	35.000000	5.064000	0.486000	1564480086	8269	279706286	205802736	1130676	72139	
4.000000	vips	1	518	35.000000	5.064000	0.486000	1577691020	7942	282207003	207388623	1028408	72921	
4.000000	vips	1	518	36.000000	5.064000	0.445000	1569775509	8877	280891188	206598002	1131556	72604	
2.000000	vips	1	614	35.000000	5.064000	0.526000	1586179478	6266	282264867	207604783	1250225	73070	
2.000000	vips	1	614	35.000000	5.064000	0.526000	1572374573	6715	279027981	205268795	1643068	71884	
4.000000	vips	1	614	35.000000	5.064000	0.526000	1582114565	7328	280248017	206124117	1134751	72411	
4.000000	vips	1	710	35.000000	5.064000	0.567000	1588802866	6284	279622245	205703528	1128142	72168	
2.000000	vips	1	710	35.000000	5.064000	0.567000	1601355785	5955	281785956	207267695	1024186	73195	
4.000000	vips	1	710	35.000000	5.064000	0.567000	1586845404	6535	279182844	205373247	1289763	72817	
4.000000	vips	1	921	36.000000	5.064000	0.648000	1626291218	5217	280404807	206277792	1133767	71931	
4.000000	vips	1	921	35.000000	5.056000	0.687000	1623232995	5311	280031412	206036319	1374590	71911	
2.000000	vips	1	921	36.000000	5.064000	0.648000	1635167084	5213	281842457	207140749	1135408	71845	
2.000000	vips	1	1036	36.000000	5.056000	0.728000	1652641431	4817	281840992	207271827	1248381	72770	
4.000000	vips	1	1036	35.000000	5.056000	0.728000	1655935162	4301	283273133	207960313	1377635	73133	
2.000000	vips	1	1036	35.000000	5.056000	0.728000	1652568627	5275	282136363	207276790	1285612	73105	
4.000000	vips	1	1132	36.000000	5.056000	0.728000	1663634163	4570	283627681	208215272	1642982	73931	
4.000000	vips	1	1132	36.000000	5.056000	0.728000	1636319039	3971	278140524	204594107	1136986	72109	
2.000000	vips	1	1132	36.000000	5.056000	0.768000	1660637645	4534	282667389	207734393	1376880	72195	
2.000000	vips	1	1224	36.000000	5.056000	0.889000	1656546527	3742	280109164	205896003	1373435	71575	
2.000000	vips	1	1224	36.000000	5.056000	0.889000	1648820369	3831	278127067	204566621	1292160	72036	
2.000000	vips	1	1224	35.000000	5.056000	0.889000	1658064466	4106	279596092	205533223	1132957	72369	
2.000000	vips	1	1428	36.000000	5.048000	1.130000	1697090812	3393	281395935	206704639	1241639	72334	
2.000000	vips	1	1428	36.000000	5.048000	1.130000	1687869146	3727	279614941	205662870	1295957	72130	
4.000000	vips	1	1428	36.000000	5.048000	1.130000	1694607798	3827	280132978	205931196	1023387	72470	
4.000000	vips	1	1479	38.000000	5.048000	1.171000	1701077357	3580	280491880	206309555	1289340	72622	
2.000000	vips	1	1479	36.000000	5.048000	1.211000	1705376997	3514	281501896	206914699	1242666	72679	
2.000000	vips	1	1479	37.000000	5.048000	1.171000	1687702332	3578	278602462	204828723	1130851	72332	
14.000000	x264	1	102	35.000000	5.072000	0.243000	1450160433	30707	260014501	196318787	1299108	67283	
14.000000	x264	1	102	35.000000	5.072000	0.243000	1435136180	31321	257806686	195074735	1300288	67344	
16.000000	x264	1	102	35.000000	5.072000	0.243000	1446960442	30565	259812778	196314272	1166175	68272	
8.000000	x264	1	204	35.000000	5.072000	0.324000	1409956478	16920	255016683	192421443	935084	67125	
8.000000	x264	1	204	35.000000	5.072000	0.324000	1425401201	17247	257407779	193968217	1044197	67365	
8.000000	x264	1	204	35.000000	5.072000	0.324000	1411490469	17137	254165964	192145447	1045640	66986	
6.000000	x264	1	307	35.000000	5.072000	0.365000	1397085199	10678	252357476	190274658	934002	68061	
6.000000	x264	1	307	35.000000	5.072000	0.365000	1411874176	11298	253897537	191604303	1041301	67004	
4.000000	x264	1	307	35.000000	5.072000	0.365000	1412020936	11436	254669496	192021267	1040367	67525	
4.000000	x264	1	403	35.000000	5.072000	0.405000	1415352472	9615	252781099	190699984	1282344	67357	
4.000000	x264	1	403	35.000000	5.072000	0.405000	1413607283	9226	252938396	190771561	1283871	67827	
4.000000	x264	1	403	35.000000	5.072000	0.405000	1419210708	9333	254033882	191514146	1039528	67092	
4.000000	x264	1	518	35.000000	5.064000	0.486000	1429206079	7338	252672725	190760166	931105	67115	
4.000000	x264	1	518	35.000000	5.072000	0.445000	1426419352	6912	252466412	190538054	1154117	68578	
4.000000	x264	1	518	35.000000	5.072000	0.446000	1421008679	7472	251289619	189904861	933303	67435	
2.000000	x264	1	614	35.000000	5.072000	0.486000	1440000215	5930	253173299	190947545	1151390	68031	
2.000000	x264	1	614	35.000000	5.072000	0.486000	1434272804	6261	251488517	189794747	1042641	67859	
4.000000	x264	1	614	35.000000	5.072000	0.446000	1431859544	6208	251217105	189647102	1153226	67407	
4.000000	x264	1	710	35.000000	5.064000	0.526000	1441750431	5452	250230964	188794220	1152400	66728	
2.000000	x264	1	710	35.000000	5.072000	0.486000	1448381869	5350	251971867	190203756	1039265	67664	
4.000000	x264	1	710	35.000000	5.064000	0.486000	1447465066	6144	251316318	189632185	1151461	67966	
4.000000	x264	1	921	35.000000	5.064000	0.567000	1461993568	4487	248967834	188059052	1038266	66441	
4.000000	x264	1	921	35.000000	5.064000	0.567000	1463790172	4665	249350241	188236073	1154669	67887	
2.000000	x264	1	921	35.000000	5.064000	0.567000	1472445104	4263	250871416	189402608	1285136	67790	
4.000000	x264	1	1036	35.000000	5.064000	0.648000	1491501956	4134	250624080	189399069	1037965	66951	
4.000000	x264	1	1036	35.000000	5.064000	0.648000	1482670156	3783	249714923	188632430	1036029	67158	
2.000000	x264	1	1036	35.000000	5.064000	0.648000	1491732003	4120	250790102	189269074	1036058	66516	
2.000000	x264	1	1132	35.000000	5.064000	0.648000	1517559140	4221	255269912	192320151	1038342	68063	
4.000000	x264	1	1132	35.000000	5.064000	0.648000	1505192201	4628	252162958	190187391	1284797	68386	
2.000000	x264	1	1132	36.000000	5.064000	0.648000	1491445326	4202	250293818	188959899	1040581	67518	
4.000000	x264	1	1224	35.000000	5.056000	0.728000	1506822015	4120	250137581	189080159	932529	67045	
2.000000	x264	1	1224	35.000000	5.064000	0.729000	1514615742	4062	251430624	189675105	1038684	67304	
4.000000	x264	1	1224	35.000000	5.064000	0.728000	1502246192	3642	249977019	188689516	1155468	67704	
2.000000	x264	1	1428	36.000000	5.056000	0.930000	1533834161	3474	249673859	188490686	929343	66794	
4.000000	x264	1	1428	35.000000	5.048000	0.969000	1526683416	3432	249102671	188083050	1282231	67202	
2.000000	x264	1	1428	36.000000	5.056000	0.930000	1534631956	3215	250293778	189046992	1284030	67205	
4.000000	x264	1	1479	36.000000	5.056000	0.969000	1555768875	3452	252528630	190332755	931002	67456	
2.000000	x264	1	1479	35.000000	5.056000	1.009000	1541923652	3698	249864681	188719377	929025	66883	
2.000000	x264	1	1479	36.000000	5.048000	1.049000	1544552337	3844	250321516	189029534	1282979	67270	
