Run Duration (ms)	Benchmark	Run(#)	CPU Frequency (MHz)	CPU Temperature(C)	Voltage[V]	Power[W]	CPU_CYCLES	ISB_SPEC	DSB_SPEC	DMB_SPEC	EXC_UNDEF	EXC_SVC
24.500000	blackscholes	1	102	32.000000	5.072000	0.243000	1435511560	1873782	167331	3340626	0	35541	
14.500000	blackscholes	1	102	31.000000	5.072000	0.243000	1444123000	1876523	168463	3443261	0	35541	
13.000000	blackscholes	1	102	32.000000	5.072000	0.243000	1431800491	1870835	167325	3383214	0	35527	
8.000000	blackscholes	1	204	32.000000	5.064000	0.364000	1408439125	1857704	163805	3445441	0	35541	
7.500000	blackscholes	1	204	32.000000	5.064000	0.364000	1395218623	1848966	161979	3331792	0	35541	
7.000000	blackscholes	1	204	32.000000	5.064000	0.364000	1405338737	1852029	163010	3380023	0	35544	
5.000000	blackscholes	1	307	32.000000	5.064000	0.444000	1406262521	1845927	162746	3420568	0	35541	
5.500000	blackscholes	1	307	32.000000	5.064000	0.444000	1408099290	1848442	163531	3393401	0	35541	
5.000000	blackscholes	1	307	32.000000	5.056000	0.444000	1403601938	1846050	161468	3387798	0	35535	
4.500000	blackscholes	1	403	32.000000	5.056000	0.485000	1420371894	1845307	161594	3541380	0	35527	
4.500000	blackscholes	1	403	32.000000	5.056000	0.485000	1397348074	1839135	162388	3237339	0	35541	
4.500000	blackscholes	1	403	32.000000	5.056000	0.525000	1409096779	1846824	162232	3376334	0	35556	
4.500000	blackscholes	1	518	32.000000	5.056000	0.606000	1421411876	1840680	163474	3350202	0	35541	
4.500000	blackscholes	1	518	32.000000	5.056000	0.606000	1418109048	1838774	159429	3408066	0	35541	
4.500000	blackscholes	1	518	32.000000	5.056000	0.566000	1412500705	1837599	160306	3340873	0	35529	
3.500000	blackscholes	1	614	32.000000	5.048000	0.686000	1423284524	1836455	161247	3289604	0	35541	
3.500000	blackscholes	1	614	32.000000	5.048000	0.647000	1415385818	1832866	160041	3216091	0	35541	
3.000000	blackscholes	1	614	32.000000	5.048000	0.646000	1431222619	1838292	161234	3362003	0	35541	
3.500000	blackscholes	1	710	32.000000	5.048000	0.726000	1439377257	1836224	161090	3304413	0	35547	
3.000000	blackscholes	1	710	32.000000	5.056000	0.687000	1442539287	1839806	162610	3301462	0	35535	
3.500000	blackscholes	1	710	32.000000	5.048000	0.726000	1448588489	1838019	160340	3422194	0	35529	
3.000000	blackscholes	1	921	32.000000	5.048000	0.846000	1473373133	1836048	159774	3389829	0	35541	
3.500000	blackscholes	1	921	32.000000	5.048000	0.848000	1475471068	1836422	162280	3330818	0	35541	
3.000000	blackscholes	1	921	32.000000	5.048000	0.928000	1470086591	1834060	159827	3333381	0	35541	
2.500000	blackscholes	1	1036	32.000000	5.048000	0.928000	1477809511	1832621	160583	3232198	0	35535	
3.000000	blackscholes	1	1036	33.000000	5.048000	0.969000	1484082764	1836050	161887	3307884	0	35535	
3.000000	blackscholes	1	1036	32.000000	5.048000	0.928000	1482976123	1832334	159367	3317510	0	35541	
2.500000	blackscholes	1	1132	33.000000	5.048000	0.969000	1506149561	1838775	161468	3467972	0	35541	
3.000000	blackscholes	1	1132	33.000000	5.048000	0.967000	1495994770	1834607	159592	3386029	0	35541	
3.500000	blackscholes	1	1132	33.000000	5.048000	0.888000	1496600882	1836516	160761	3352060	0	35541	
3.500000	blackscholes	1	1224	33.000000	5.040000	1.088000	1513228414	1834420	160422	3387944	0	35541	
3.000000	blackscholes	1	1224	33.000000	5.040000	1.088000	1512953968	1834242	160328	3386048	0	35541	
3.000000	blackscholes	1	1224	33.000000	5.040000	1.088000	1507645979	1834158	160456	3324242	0	35541	
2.500000	blackscholes	1	1428	33.000000	5.040000	1.368000	1526342167	1830314	159291	3246571	0	35541	
3.000000	blackscholes	1	1428	33.000000	5.032000	1.328000	1549888066	1836651	159334	3502992	0	35541	
2.500000	blackscholes	1	1428	33.000000	5.040000	1.370000	1537291024	1839641	160442	3352451	0	35541	
3.000000	blackscholes	1	1479	34.000000	5.032000	1.408000	1536079092	1830142	161208	3225093	0	35541	
3.000000	blackscholes	1	1479	33.000000	5.032000	1.449000	1549516585	1832903	159272	3380966	0	35541	
2.500000	blackscholes	1	1479	33.000000	5.032000	1.449000	1550210144	1839966	159250	3393093	0	35541	
15.500000	bodytrack	1	102	32.000000	5.072000	0.243000	1676477727	1924193	170377	3535642	0	37876	
22.000000	bodytrack	1	102	32.000000	5.072000	0.243000	1690673929	1928613	171236	3584394	0	37899	
14.500000	bodytrack	1	102	32.000000	5.072000	0.243000	1686099487	1925144	170111	3607570	0	37891	
7.500000	bodytrack	1	204	32.000000	5.064000	0.324000	1638417484	1893444	162467	3418025	0	37873	
7.000000	bodytrack	1	204	32.000000	5.072000	0.324000	1639094247	1897768	165819	3415705	0	37879	
6.500000	bodytrack	1	204	32.000000	5.072000	0.324000	1653692901	1900845	164043	3632499	0	37877	
5.500000	bodytrack	1	307	32.000000	5.064000	0.364000	1634808997	1888049	162001	3441235	0	37885	
5.500000	bodytrack	1	307	32.000000	5.072000	0.364000	1628333854	1887058	163633	3344122	0	37873	
5.000000	bodytrack	1	307	32.000000	5.072000	0.365000	1649298867	1893168	163286	3558767	0	37882	
6.000000	bodytrack	1	403	32.000000	5.064000	0.405000	1636178856	1883621	162143	3367596	0	37887	
4.500000	bodytrack	1	403	32.000000	5.064000	0.405000	1639241161	1885779	162484	3449111	0	37894	
4.000000	bodytrack	1	403	32.000000	5.072000	0.405000	1645875772	1887607	163498	3500254	0	37867	
4.000000	bodytrack	1	518	32.000000	5.064000	0.445000	1647071204	1880981	161031	3406198	0	37894	
4.000000	bodytrack	1	518	32.000000	5.064000	0.445000	1643475159	1877831	159669	3355236	0	37895	
4.000000	bodytrack	1	518	32.000000	5.064000	0.486000	1658443186	1885320	162586	3454750	0	37888	
4.000000	bodytrack	1	614	33.000000	5.064000	0.526000	1658572575	1876880	160582	3333281	0	37882	
4.000000	bodytrack	1	614	32.000000	5.064000	0.526000	1661526743	1877297	160494	3356657	0	37891	
3.000000	bodytrack	1	614	32.000000	5.064000	0.526000	1658877988	1878302	160997	3364080	0	37888	
3.500000	bodytrack	1	710	32.000000	5.064000	0.567000	1666778203	1874993	159889	3326777	0	37870	
3.000000	bodytrack	1	710	32.000000	5.064000	0.567000	1684092842	1881244	161245	3484729	0	37884	
3.500000	bodytrack	1	710	32.000000	5.064000	0.567000	1676542979	1877952	161243	3434798	0	37897	
3.000000	bodytrack	1	921	33.000000	5.056000	0.728000	1708724382	1880989	161349	3424751	0	37882	
2.500000	bodytrack	1	921	33.000000	5.056000	0.687000	1718819464	1878936	162184	3478064	0	37896	
3.000000	bodytrack	1	921	33.000000	5.056000	0.687000	1707885782	1876417	160886	3420661	0	37882	
3.000000	bodytrack	1	1036	34.000000	5.048000	0.807000	1734382001	1877563	158658	3508064	0	37876	
3.000000	bodytrack	1	1036	33.000000	5.048000	0.848000	1755169572	1881720	159954	3642400	0	37894	
3.000000	bodytrack	1	1036	33.000000	5.048000	0.848000	1729149059	1877115	161179	3407571	0	37888	
3.500000	bodytrack	1	1132	33.000000	5.048000	0.848000	1737499584	1877378	158601	3485843	0	37879	
3.000000	bodytrack	1	1132	33.000000	5.056000	0.848000	1726063165	1874116	160090	3339172	0	37879	
3.000000	bodytrack	1	1132	34.000000	5.048000	0.848000	1743740745	1879901	161755	3522360	0	37876	
3.000000	bodytrack	1	1224	32.000000	5.048000	0.969000	1751693100	1877204	161115	3446266	0	37888	
2.500000	bodytrack	1	1224	33.000000	5.048000	0.969000	1754990393	1878890	160055	3481655	0	37894	
2.500000	bodytrack	1	1224	33.000000	5.048000	0.928000	1756809943	1882960	160474	3479304	0	37895	
3.000000	bodytrack	1	1428	33.000000	5.040000	1.169000	1780212191	1875129	160223	3432039	0	37888	
2.500000	bodytrack	1	1428	35.000000	5.040000	1.209000	1791978315	1878719	159506	3560271	0	37897	
3.000000	bodytrack	1	1428	35.000000	5.040000	1.209000	1780836682	1875166	160154	3349474	0	37882	
2.500000	bodytrack	1	1479	33.000000	5.032000	1.328000	1792583322	1877218	160353	3440525	0	37893	
2.500000	bodytrack	1	1479	34.000000	5.032000	1.328000	1796556012	1878524	160847	3444664	0	37885	
2.500000	bodytrack	1	1479	34.000000	5.040000	1.290000	1771614452	1871160	159461	3309478	0	37857	
16.000000	dedup	1	102	32.000000	5.072000	0.243000	1458682963	1876447	167415	3509805	0	35607	
21.000000	dedup	1	102	32.000000	5.072000	0.243000	1449821246	1875287	168719	3409987	0	35608	
22.000000	dedup	1	102	32.000000	5.072000	0.243000	1464275990	1880045	170428	3483371	0	35612	
9.500000	dedup	1	204	32.000000	5.064000	0.364000	1425552966	1857521	164978	3415435	0	35618	
8.000000	dedup	1	204	32.000000	5.064000	0.364000	1414748624	1854524	163820	3397716	0	35611	
8.000000	dedup	1	204	32.000000	5.072000	0.365000	1420399386	1855319	164344	3363495	0	35608	
5.500000	dedup	1	307	32.000000	5.056000	0.444000	1422976290	1850694	164399	3440713	0	35603	
5.000000	dedup	1	307	32.000000	5.056000	0.444000	1423545738	1850434	162609	3474270	0	35616	
5.500000	dedup	1	307	32.000000	5.056000	0.444000	1413846621	1847668	163463	3349333	0	35607	
5.500000	dedup	1	403	32.000000	5.056000	0.525000	1420879420	1844328	161103	3420131	0	35615	
4.500000	dedup	1	403	32.000000	5.056000	0.525000	1414911252	1843191	162551	3296183	0	35607	
5.000000	dedup	1	403	32.000000	5.056000	0.525000	1423712403	1842741	161928	3372235	0	35603	
3.500000	dedup	1	518	32.000000	5.056000	0.566000	1426512369	1839568	163339	3321462	0	35613	
4.000000	dedup	1	518	33.000000	5.056000	0.606000	1426403880	1841444	161533	3368695	0	35607	
3.500000	dedup	1	518	32.000000	5.048000	0.606000	1423293921	1840337	160356	3303348	0	35603	
4.000000	dedup	1	614	33.000000	5.056000	0.646000	1437820907	1838140	160619	3294263	0	35623	
4.000000	dedup	1	614	33.000000	5.048000	0.686000	1431736438	1837071	162629	3243552	0	35610	
3.500000	dedup	1	614	32.000000	5.048000	0.647000	1429370885	1833208	159925	3244467	0	35615	
3.500000	dedup	1	710	33.000000	5.048000	0.726000	1469704718	1841532	160842	3505063	0	35603	
3.000000	dedup	1	710	32.000000	5.048000	0.726000	1442583426	1834959	160824	3235724	0	35605	
3.500000	dedup	1	710	33.000000	5.048000	0.767000	1451625240	1835696	161860	3311007	0	35608	
3.000000	dedup	1	921	33.000000	5.048000	0.807000	1483903028	1837010	161360	3334795	0	35605	
3.000000	dedup	1	921	33.000000	5.048000	0.807000	1481691649	1836454	160302	3318908	0	35606	
5.500000	dedup	1	921	33.000000	5.048000	0.848000	1479087844	1835495	162255	3221295	0	35619	
3.000000	dedup	1	1036	33.000000	5.040000	0.887000	1506782175	1838655	160563	3415207	0	35620	
3.000000	dedup	1	1036	33.000000	5.040000	0.967000	1501220869	1837734	161620	3375394	0	35618	
3.000000	dedup	1	1036	33.000000	5.040000	0.927000	1487512264	1833718	159674	3263403	0	35607	
3.000000	dedup	1	1132	33.000000	5.040000	0.967000	1505384826	1835414	160575	3330332	0	35619	
3.000000	dedup	1	1132	33.000000	5.040000	0.927000	1504146019	1834558	159396	3325852	0	35616	
3.000000	dedup	1	1132	33.000000	5.040000	1.008000	1502234309	1833454	161605	3228797	0	35615	
3.000000	dedup	1	1224	33.000000	5.040000	1.048000	1520816728	1833795	159703	3385368	0	35610	
2.500000	dedup	1	1224	33.000000	5.040000	1.169000	1536250713	1839438	160405	3472891	0	35601	
3.000000	dedup	1	1224	33.000000	5.040000	1.088000	1516949089	1836354	161189	3318021	0	35602	
3.000000	dedup	1	1428	34.000000	5.032000	1.449000	1537439729	1832475	161415	3235194	0	35615	
3.000000	dedup	1	1428	34.000000	5.032000	1.408000	1558035380	1843564	161630	3395624	0	35617	
4.000000	dedup	1	1428	33.000000	5.032000	1.328000	1547511772	1834222	160327	3322047	0	35622	
2.500000	dedup	1	1479	34.000000	5.032000	1.489000	1553109307	1836481	161954	3325291	0	35610	
3.000000	dedup	1	1479	34.000000	5.032000	1.489000	1552521286	1834920	161819	3360791	0	35616	
2.500000	dedup	1	1479	34.000000	5.032000	1.408000	1567469644	1844207	161854	3423410	0	35618	
19.000000	ferret	1	102	32.000000	5.072000	0.243000	1488238756	1880787	168843	3409707	0	35753	
16.000000	ferret	1	102	32.000000	5.080000	0.243000	1493981491	1890545	172780	3619601	0	35760	
16.500000	ferret	1	102	32.000000	5.072000	0.243000	1472854559	1884249	171195	3475679	0	35760	
7.500000	ferret	1	204	32.000000	5.072000	0.324000	1438435402	1860336	165256	3467373	0	35747	
7.000000	ferret	1	204	32.000000	5.072000	0.324000	1426110433	1856506	166421	3275510	0	35754	
7.000000	ferret	1	204	32.000000	5.072000	0.324000	1439021975	1859645	163477	3414122	0	35754	
6.000000	ferret	1	307	32.000000	5.072000	0.365000	1425109317	1848795	163584	3306758	0	35745	
5.000000	ferret	1	307	32.000000	5.072000	0.365000	1423699984	1849929	161879	3304352	0	35768	
5.000000	ferret	1	307	32.000000	5.072000	0.365000	1430395689	1850679	162666	3378815	0	35760	
5.500000	ferret	1	403	32.000000	5.072000	0.405000	1441408375	1847146	161872	3424999	0	35757	
5.000000	ferret	1	403	32.000000	5.072000	0.405000	1441736927	1848148	163064	3396845	0	35762	
5.000000	ferret	1	403	32.000000	5.072000	0.405000	1430892290	1843535	161045	3314101	0	35757	
4.000000	ferret	1	518	32.000000	5.072000	0.446000	1457094335	1847205	163465	3453995	0	35754	
4.000000	ferret	1	518	33.000000	5.072000	0.446000	1454652174	1845410	161722	3436059	0	35742	
3.500000	ferret	1	518	32.000000	5.072000	0.446000	1442511909	1844711	162827	3289167	0	35750	
3.500000	ferret	1	614	32.000000	5.072000	0.446000	1447035546	1843324	162892	3231103	0	35756	
3.500000	ferret	1	614	33.000000	5.072000	0.446000	1457727429	1842144	161740	3342502	0	35751	
3.500000	ferret	1	614	33.000000	5.072000	0.446000	1457679406	1842085	161842	3311052	0	35762	
3.000000	ferret	1	710	33.000000	5.072000	0.486000	1460213160	1838038	161831	3231637	0	35750	
3.500000	ferret	1	710	32.000000	5.072000	0.486000	1468751647	1839150	161061	3310438	0	35760	
3.000000	ferret	1	710	32.000000	5.072000	0.486000	1479083732	1842389	161749	3405770	0	35745	
2.500000	ferret	1	921	32.000000	5.064000	0.567000	1491536771	1839568	161394	3279777	0	35765	
2.500000	ferret	1	921	33.000000	5.064000	0.567000	1497952147	1838650	160624	3335418	0	35757	
3.000000	ferret	1	921	32.000000	5.064000	0.567000	1510868927	1846774	162696	3453352	0	35753	
3.000000	ferret	1	1036	33.000000	5.064000	0.607000	1520942041	1841375	160798	3377637	0	35765	
3.000000	ferret	1	1036	33.000000	5.064000	0.648000	1526034564	1845706	161409	3415187	0	35748	
2.500000	ferret	1	1036	32.000000	5.064000	0.607000	1522798876	1840479	161731	3399969	0	35752	
3.000000	ferret	1	1132	32.000000	5.056000	0.687000	1517660908	1836975	159749	3283694	0	35755	
2.500000	ferret	1	1132	33.000000	5.064000	0.648000	1524944314	1840343	161648	3365105	0	35754	
2.500000	ferret	1	1132	33.000000	5.064000	0.607000	1511840324	1837207	161536	3271494	0	35758	
3.000000	ferret	1	1224	32.000000	5.064000	0.729000	1542236088	1840862	161728	3344973	0	35765	
3.000000	ferret	1	1224	34.000000	5.064000	0.688000	1532182366	1837723	160543	3336781	0	35744	
3.000000	ferret	1	1224	33.000000	5.064000	0.729000	1539631727	1841472	163101	3373342	0	35747	
3.000000	ferret	1	1428	34.000000	5.056000	0.889000	1573614026	1839247	161517	3398364	0	35765	
2.500000	ferret	1	1428	34.000000	5.056000	0.889000	1557813734	1837862	162722	3247444	0	35761	
3.000000	ferret	1	1428	33.000000	5.056000	0.930000	1568069465	1837292	159408	3392061	0	35753	
2.500000	ferret	1	1479	34.000000	5.056000	0.930000	1567028294	1838529	162055	3335553	0	35751	
3.000000	ferret	1	1479	33.000000	5.056000	0.970000	1575266357	1840264	162362	3332091	0	35756	
2.500000	ferret	1	1479	34.000000	5.048000	1.009000	1569624505	1838948	162758	3288167	0	35761	
14.000000	fluidanimate	1	102	33.000000	5.072000	0.243000	1485649328	1886314	168534	3418504	0	35663	
14.000000	fluidanimate	1	102	32.000000	5.072000	0.243000	1493778318	1889836	168339	3478820	0	35669	
15.500000	fluidanimate	1	102	32.000000	5.072000	0.243000	1482472059	1886091	168372	3363645	0	35668	
8.000000	fluidanimate	1	204	33.000000	5.064000	0.364000	1469003279	1866587	163808	3534158	0	35666	
7.000000	fluidanimate	1	204	32.000000	5.064000	0.364000	1465745566	1868629	164196	3568642	0	35669	
8.500000	fluidanimate	1	204	32.000000	5.064000	0.364000	1456378200	1863786	164577	3387648	0	35666	
6.000000	fluidanimate	1	307	33.000000	5.064000	0.405000	1445849895	1854476	160896	3354537	0	35669	
5.000000	fluidanimate	1	307	33.000000	5.064000	0.405000	1458579478	1859345	162698	3486142	0	35672	
6.000000	fluidanimate	1	307	32.000000	5.064000	0.405000	1451547960	1854967	161537	3348505	0	35669	
4.000000	fluidanimate	1	403	33.000000	5.056000	0.485000	1441181921	1847877	160958	3289020	0	35669	
5.000000	fluidanimate	1	403	33.000000	5.056000	0.485000	1454177323	1848268	159863	3375791	0	35666	
4.000000	fluidanimate	1	403	32.000000	5.056000	0.485000	1472313693	1857487	164184	3495146	0	35669	
4.000000	fluidanimate	1	518	33.000000	5.056000	0.566000	1463459676	1850418	162500	3354841	0	35669	
4.000000	fluidanimate	1	518	32.000000	5.056000	0.566000	1460972713	1849278	161214	3390577	0	35666	
4.000000	fluidanimate	1	518	33.000000	5.056000	0.566000	1463955746	1847500	160873	3358584	0	35663	
4.000000	fluidanimate	1	614	32.000000	5.056000	0.606000	1476437155	1845036	161078	3376134	0	35669	
5.000000	fluidanimate	1	614	33.000000	5.056000	0.606000	1471764833	1846209	162900	3308111	0	35663	
4.000000	fluidanimate	1	614	33.000000	5.056000	0.606000	1475643323	1847998	160960	3344624	0	35669	
3.000000	fluidanimate	1	710	33.000000	5.048000	0.686000	1487837816	1843841	159804	3352386	0	35669	
3.000000	fluidanimate	1	710	33.000000	5.056000	0.647000	1501901879	1848216	160988	3484841	0	35669	
4.000000	fluidanimate	1	710	33.000000	5.048000	0.686000	1487907616	1844461	161171	3340099	0	35669	
4.000000	fluidanimate	1	921	33.000000	5.048000	0.848000	1523845777	1845236	159213	3428189	0	35669	
3.000000	fluidanimate	1	921	33.000000	5.048000	0.767000	1518254088	1843899	161370	3347887	0	35669	
3.000000	fluidanimate	1	921	33.000000	5.048000	0.807000	1519904477	1848263	160353	3331748	0	35669	
3.000000	fluidanimate	1	1036	33.000000	5.040000	1.008000	1539090380	1843279	160411	3368712	0	35663	
3.000000	fluidanimate	1	1036	34.000000	5.040000	0.888000	1535535204	1844566	160179	3368092	0	35669	
3.000000	fluidanimate	1	1036	33.000000	5.040000	0.927000	1533007777	1840807	158764	3347190	0	35669	
3.000000	fluidanimate	1	1132	33.000000	5.048000	0.928000	1542020063	1846938	159001	3370561	0	35663	
3.000000	fluidanimate	1	1132	33.000000	5.040000	0.927000	1537952556	1841535	158906	3334669	0	35669	
4.000000	fluidanimate	1	1132	33.000000	5.048000	0.928000	1551476900	1845890	160747	3461609	0	35669	
3.000000	fluidanimate	1	1224	33.000000	5.040000	1.088000	1559139169	1841028	160345	3350762	0	35663	
3.000000	fluidanimate	1	1224	34.000000	5.040000	1.088000	1569752049	1847764	162921	3387838	0	35663	
2.000000	fluidanimate	1	1224	34.000000	5.032000	1.086000	1559235023	1847506	159481	3381681	0	35666	
3.000000	fluidanimate	1	1428	35.000000	5.024000	1.487000	1579206266	1839769	160140	3290901	0	35669	
3.000000	fluidanimate	1	1428	35.000000	5.024000	1.406000	1587431454	1842751	160199	3381772	0	35657	
3.000000	fluidanimate	1	1428	34.000000	5.024000	1.527000	1590893700	1844964	160444	3433032	0	35669	
3.000000	fluidanimate	1	1479	36.000000	5.032000	1.368000	1596277105	1843455	160799	3379302	0	35663	
3.000000	fluidanimate	1	1479	35.000000	5.024000	1.527000	1590114255	1841072	160307	3328262	0	35669	
3.000000	fluidanimate	1	1479	35.000000	5.024000	1.567000	1618481359	1854430	161536	3578043	0	35669	
13.000000	freqmine	1	102	33.000000	5.072000	0.243000	1463391322	1880742	167765	3436895	0	35595	
18.000000	freqmine	1	102	33.000000	5.072000	0.243000	1469804610	1882181	168945	3440098	0	35595	
15.000000	freqmine	1	102	33.000000	5.072000	0.243000	1483127259	1885636	170377	3540400	0	35593	
8.000000	freqmine	1	204	33.000000	5.064000	0.324000	1437683115	1857884	164484	3421482	0	35595	
8.000000	freqmine	1	204	33.000000	5.064000	0.324000	1423138193	1855739	164086	3283110	0	35593	
10.000000	freqmine	1	204	32.000000	5.064000	0.364000	1424393700	1853150	161914	3287305	0	35597	
5.000000	freqmine	1	307	33.000000	5.064000	0.405000	1443714604	1853338	163981	3530068	0	35595	
5.000000	freqmine	1	307	33.000000	5.064000	0.404000	1426096979	1846643	161759	3328216	0	35595	
5.000000	freqmine	1	307	33.000000	5.056000	0.404000	1430567618	1850848	161861	3369070	0	35595	
5.000000	freqmine	1	403	33.000000	5.056000	0.486000	1424686702	1842620	161188	3287158	0	35595	
5.000000	freqmine	1	403	33.000000	5.056000	0.485000	1437438332	1845026	160352	3404406	0	35595	
4.000000	freqmine	1	403	33.000000	5.056000	0.485000	1437145470	1844547	160997	3365116	0	35595	
4.000000	freqmine	1	518	33.000000	5.056000	0.566000	1442677748	1842425	161696	3327507	0	35595	
3.000000	freqmine	1	518	33.000000	5.056000	0.566000	1440399520	1841750	161369	3340967	0	35595	
4.000000	freqmine	1	518	33.000000	5.056000	0.566000	1447081177	1846264	161603	3379858	0	35593	
3.000000	freqmine	1	614	33.000000	5.048000	0.646000	1455719993	1840133	161312	3346216	0	35595	
4.000000	freqmine	1	614	33.000000	5.056000	0.606000	1450390775	1839977	160761	3300067	0	35595	
3.000000	freqmine	1	614	33.000000	5.056000	0.606000	1465139384	1844166	162191	3418939	0	35595	
6.000000	freqmine	1	710	33.000000	5.048000	0.686000	1469023340	1841525	161153	3376040	0	35595	
3.000000	freqmine	1	710	33.000000	5.048000	0.686000	1464280463	1838902	160161	3328116	0	35595	
4.000000	freqmine	1	710	33.000000	5.048000	0.686000	1465296439	1839365	160122	3334885	0	35595	
3.000000	freqmine	1	921	33.000000	5.048000	0.848000	1489257116	1838559	160296	3316701	0	35595	
3.000000	freqmine	1	921	33.000000	5.048000	0.767000	1516765226	1843461	160726	3555240	0	35595	
3.000000	freqmine	1	921	33.000000	5.048000	0.807000	1486662416	1838333	159106	3221488	0	35595	
3.000000	freqmine	1	1036	33.000000	5.040000	0.967000	1521266077	1840646	160894	3447160	0	35595	
2.000000	freqmine	1	1036	33.000000	5.040000	0.887000	1514746956	1842230	158740	3360251	0	35595	
3.000000	freqmine	1	1036	33.000000	5.040000	0.888000	1505650651	1835541	159542	3277129	0	35595	
3.000000	freqmine	1	1132	33.000000	5.040000	0.927000	1517854472	1839292	161772	3315970	0	35595	
2.000000	freqmine	1	1132	33.000000	5.040000	0.887000	1525515381	1843224	159843	3411460	0	35595	
3.000000	freqmine	1	1132	33.000000	5.048000	0.888000	1519530291	1839056	161629	3346717	0	35601	
3.000000	freqmine	1	1224	34.000000	5.040000	1.088000	1521933153	1834398	160623	3223299	0	35595	
2.000000	freqmine	1	1224	33.000000	5.040000	1.008000	1535311640	1836490	158498	3365335	0	35593	
3.000000	freqmine	1	1224	34.000000	5.040000	1.088000	1530001814	1841606	160693	3332374	0	35595	
2.000000	freqmine	1	1428	34.000000	5.024000	1.446000	1556148299	1837313	159451	3333017	0	35595	
3.000000	freqmine	1	1428	34.000000	5.040000	1.249000	1554659682	1834889	159592	3311398	0	35595	
3.000000	freqmine	1	1428	34.000000	5.032000	1.328000	1569752560	1845185	161499	3435875	0	35595	
3.000000	freqmine	1	1479	35.000000	5.032000	1.449000	1561576411	1833837	158710	3281197	0	35592	
3.000000	freqmine	1	1479	34.000000	5.032000	1.529000	1567324632	1835591	160372	3333619	0	35595	
3.000000	freqmine	1	1479	34.000000	5.032000	1.489000	1564383923	1836076	160420	3315079	0	35595	
19.000000	streamcluster	1	102	33.000000	5.072000	0.243000	1435738636	1860065	167380	3490928	0	35067	
17.000000	streamcluster	1	102	33.000000	5.072000	0.243000	1436387499	1858477	166543	3443499	0	35064	
13.000000	streamcluster	1	102	32.000000	5.072000	0.243000	1444583520	1860845	170131	3480268	0	35064	
8.000000	streamcluster	1	204	33.000000	5.064000	0.364000	1403286506	1834928	163178	3391722	0	35064	
8.000000	streamcluster	1	204	33.000000	5.056000	0.404000	1398250968	1836036	161978	3375717	0	35064	
11.000000	streamcluster	1	204	33.000000	5.064000	0.364000	1395294427	1834833	163794	3310038	0	35067	
5.000000	streamcluster	1	307	33.000000	5.056000	0.444000	1388347906	1825116	161234	3268894	0	35070	
5.000000	streamcluster	1	307	33.000000	5.056000	0.444000	1409840842	1830315	161670	3494590	0	35070	
6.000000	streamcluster	1	307	33.000000	5.056000	0.444000	1399004621	1829255	161759	3366158	0	35070	
4.000000	streamcluster	1	403	33.000000	5.056000	0.485000	1393022974	1822348	159394	3304281	0	35070	
6.000000	streamcluster	1	403	33.000000	5.056000	0.525000	1412364220	1826840	159980	3469347	0	35070	
5.000000	streamcluster	1	403	33.000000	5.056000	0.525000	1402027572	1824839	160530	3361188	0	35070	
3.000000	streamcluster	1	518	33.000000	5.056000	0.606000	1404042228	1818309	159518	3265902	0	35064	
4.000000	streamcluster	1	518	33.000000	5.056000	0.566000	1421422601	1825043	159691	3494418	0	35070	
4.000000	streamcluster	1	518	33.000000	5.056000	0.566000	1419291619	1823619	160559	3391062	0	35070	
3.000000	streamcluster	1	614	33.000000	5.056000	0.647000	1423782013	1819721	159351	3347320	0	35070	
4.000000	streamcluster	1	614	33.000000	5.048000	0.646000	1419605178	1818663	160363	3318902	0	35064	
4.000000	streamcluster	1	614	33.000000	5.056000	0.647000	1423686192	1819487	160813	3322277	0	35070	
3.000000	streamcluster	1	710	33.000000	5.048000	0.726000	1424167889	1816615	160955	3212249	0	35067	
3.000000	streamcluster	1	710	33.000000	5.048000	0.726000	1496918043	1829425	161031	3546052	0	35070	
3.000000	streamcluster	1	710	33.000000	5.048000	0.767000	1437455826	1820546	159593	3395015	0	35070	
3.000000	streamcluster	1	921	33.000000	5.048000	0.848000	1460539092	1817505	159911	3334139	0	35070	
3.000000	streamcluster	1	921	33.000000	5.048000	0.807000	1450411906	1813500	159663	3211443	0	35064	
4.000000	streamcluster	1	921	33.000000	5.048000	0.807000	1450041043	1813217	159762	3195404	0	35064	
3.000000	streamcluster	1	1036	33.000000	5.048000	0.888000	1470610483	1814326	157582	3288254	0	35064	
3.000000	streamcluster	1	1036	33.000000	5.048000	0.928000	1481247778	1816960	159658	3335881	0	35070	
3.000000	streamcluster	1	1036	34.000000	5.048000	0.928000	1481674354	1819261	160060	3335750	0	35070	
3.000000	streamcluster	1	1132	33.000000	5.048000	0.928000	1484431226	1821635	160698	3333503	0	35064	
3.000000	streamcluster	1	1132	33.000000	5.048000	0.928000	1484338384	1817276	160117	3332640	0	35064	
2.000000	streamcluster	1	1132	33.000000	5.048000	0.928000	1468407087	1814284	160120	3206335	0	35070	
3.000000	streamcluster	1	1224	34.000000	5.048000	1.049000	1494980580	1815120	159066	3309100	0	35058	
3.000000	streamcluster	1	1224	34.000000	5.048000	1.049000	1508527461	1818868	157511	3486312	0	35064	
2.000000	streamcluster	1	1224	34.000000	5.048000	1.049000	1498651183	1816982	159682	3327308	0	35070	
3.000000	streamcluster	1	1428	34.000000	5.040000	1.290000	1511768910	1813339	159523	3227792	0	35067	
3.000000	streamcluster	1	1428	34.000000	5.040000	1.290000	1520864200	1813505	157294	3319534	0	35070	
3.000000	streamcluster	1	1428	34.000000	5.040000	1.330000	1519612876	1814689	159525	3297644	0	35070	
3.000000	streamcluster	1	1479	35.000000	5.040000	1.411000	1547697263	1819665	158566	3520492	0	35070	
3.000000	streamcluster	1	1479	34.000000	5.040000	1.370000	1529380936	1815011	160543	3268704	0	35061	
3.000000	streamcluster	1	1479	35.000000	5.040000	1.370000	1536729597	1816255	159306	3358946	0	35070	
27.000000	vips	1	102	33.000000	5.072000	0.243000	1599060861	1884725	168678	3493800	0	35809	
12.000000	vips	1	102	33.000000	5.072000	0.243000	1609894740	1892412	170853	3524573	0	35808	
16.000000	vips	1	102	33.000000	5.072000	0.243000	1589203955	1884338	170670	3385826	0	35810	
7.000000	vips	1	204	32.000000	5.072000	0.324000	1586790722	1866722	164721	3632875	0	35808	
7.000000	vips	1	204	33.000000	5.072000	0.324000	1566224762	1865451	167164	3478739	0	35809	
8.000000	vips	1	204	33.000000	5.072000	0.324000	1571701848	1866511	164821	3492233	0	35808	
6.000000	vips	1	307	33.000000	5.072000	0.365000	1552258258	1852604	162753	3377780	0	35808	
5.000000	vips	1	307	33.000000	5.072000	0.365000	1562087408	1854829	164868	3421782	0	35808	
5.000000	vips	1	307	33.000000	5.072000	0.364000	1561374300	1853932	164267	3379432	0	35808	
5.000000	vips	1	403	33.000000	5.064000	0.445000	1574253067	1854936	164738	3503557	0	35805	
4.000000	vips	1	403	33.000000	5.072000	0.405000	1564935401	1849763	161953	3353554	0	35805	
7.000000	vips	1	403	33.000000	5.064000	0.445000	1566525542	1850537	163344	3408969	0	35805	
4.000000	vips	1	518	33.000000	5.064000	0.486000	1594117381	1851039	162575	3561204	0	35805	
5.000000	vips	1	518	33.000000	5.072000	0.486000	1570945857	1845029	162280	3296102	0	35807	
5.000000	vips	1	518	33.000000	5.072000	0.486000	1563849361	1841831	161503	3271916	0	35806	
3.000000	vips	1	614	32.000000	5.064000	0.526000	1570166349	1840807	162077	3244888	0	35805	
4.000000	vips	1	614	33.000000	5.064000	0.486000	1577267202	1841819	162377	3254019	0	35805	
4.000000	vips	1	614	33.000000	5.072000	0.527000	1584837915	1843479	161370	3351490	0	35809	
3.000000	vips	1	710	33.000000	5.064000	0.567000	1603230749	1846993	161145	3418289	0	35808	
3.000000	vips	1	710	33.000000	5.064000	0.567000	1611838746	1848132	161755	3500119	0	35805	
3.000000	vips	1	710	33.000000	5.064000	0.567000	1599544090	1845978	163319	3353636	0	35809	
3.000000	vips	1	921	33.000000	5.064000	0.648000	1621864946	1840348	160714	3348713	0	35805	
3.000000	vips	1	921	34.000000	5.064000	0.648000	1617886084	1839490	161639	3265914	0	35808	
4.000000	vips	1	921	33.000000	5.064000	0.648000	1635708951	1845527	163356	3449314	0	35802	
3.000000	vips	1	1036	33.000000	5.056000	0.728000	1646983194	1841706	160502	3388690	0	35805	
2.000000	vips	1	1036	33.000000	5.064000	0.729000	1649248240	1843847	160730	3434939	0	35805	
3.000000	vips	1	1036	33.000000	5.064000	0.729000	1640248370	1841040	161512	3285842	0	35805	
3.000000	vips	1	1132	33.000000	5.056000	0.728000	1648450520	1841129	159590	3393631	0	35805	
3.000000	vips	1	1132	33.000000	5.056000	0.768000	1661361581	1843841	160946	3493378	0	35805	
3.000000	vips	1	1132	33.000000	5.064000	0.769000	1641931516	1840560	161197	3286840	0	35805	
3.000000	vips	1	1224	34.000000	5.056000	0.849000	1662439592	1840673	161350	3360579	0	35805	
3.000000	vips	1	1224	34.000000	5.056000	0.889000	1668856693	1843444	162370	3391512	0	35809	
3.000000	vips	1	1224	33.000000	5.056000	0.849000	1655143140	1839708	160502	3304011	0	35810	
3.000000	vips	1	1428	34.000000	5.048000	1.130000	1693497118	1840575	162441	3351011	0	35805	
3.000000	vips	1	1428	35.000000	5.048000	1.130000	1707102090	1842327	161356	3456789	0	35805	
3.000000	vips	1	1428	34.000000	5.048000	1.130000	1702774904	1845210	162575	3487388	0	35805	
3.000000	vips	1	1479	34.000000	5.048000	1.171000	1710892475	1843343	162482	3429882	0	35805	
2.000000	vips	1	1479	33.000000	5.048000	1.251000	1704629843	1841145	160935	3375717	0	35806	
3.000000	vips	1	1479	35.000000	5.048000	1.211000	1704305036	1841457	162390	3377555	0	35802	
20.000000	x264	1	102	33.000000	5.072000	0.243000	1452637729	1878740	170357	3486584	0	35576	
16.000000	x264	1	102	32.000000	5.072000	0.243000	1433425039	1871494	170123	3332798	0	35576	
19.000000	x264	1	102	33.000000	5.072000	0.243000	1452918175	1879073	170778	3527828	0	35573	
7.000000	x264	1	204	33.000000	5.072000	0.324000	1419710145	1855742	164143	3474604	0	35576	
7.000000	x264	1	204	32.000000	5.072000	0.324000	1407151269	1850934	165052	3313706	0	35576	
7.000000	x264	1	204	32.000000	5.072000	0.324000	1413899617	1852547	164945	3412554	0	35570	
6.000000	x264	1	307	33.000000	5.072000	0.365000	1409446453	1845780	163705	3425564	0	35571	
6.000000	x264	1	307	33.000000	5.072000	0.365000	1406505278	1845869	163797	3304874	0	35562	
8.000000	x264	1	307	32.000000	5.072000	0.365000	1407986448	1847067	164575	3354856	0	35576	
5.000000	x264	1	403	32.000000	5.072000	0.405000	1408076291	1842371	164001	3284983	0	35567	
6.000000	x264	1	403	32.000000	5.072000	0.405000	1414151409	1843482	164168	3354534	0	35573	
5.000000	x264	1	403	33.000000	5.072000	0.405000	1427365394	1845306	162923	3480026	0	35570	
4.000000	x264	1	518	32.000000	5.072000	0.405000	1422075826	1839725	163059	3330888	0	35576	
4.000000	x264	1	518	33.000000	5.072000	0.446000	1430692814	1840545	161594	3419792	0	35576	
4.000000	x264	1	518	33.000000	5.072000	0.446000	1433600063	1843617	161462	3483421	0	35573	
4.000000	x264	1	614	33.000000	5.072000	0.486000	1440084231	1841966	161224	3374144	0	35573	
3.000000	x264	1	614	33.000000	5.072000	0.446000	1432355082	1836444	161268	3324304	0	35576	
4.000000	x264	1	614	32.000000	5.072000	0.486000	1453763702	1842135	161984	3529807	0	35576	
4.000000	x264	1	710	32.000000	5.072000	0.486000	1442785711	1835200	160815	3343664	0	35576	
3.000000	x264	1	710	33.000000	5.072000	0.486000	1439978164	1834982	160983	3306275	0	35561	
3.000000	x264	1	710	32.000000	5.072000	0.486000	1448677042	1836802	161960	3311295	0	35576	
3.000000	x264	1	921	33.000000	5.064000	0.567000	1473273656	1837968	160808	3313088	0	35564	
3.000000	x264	1	921	33.000000	5.064000	0.567000	1473098589	1838497	161961	3345498	0	35576	
3.000000	x264	1	921	32.000000	5.064000	0.607000	1474310833	1836574	160831	3358521	0	35564	
3.000000	x264	1	1036	33.000000	5.064000	0.607000	1498421375	1837194	160690	3461059	0	35564	
3.000000	x264	1	1036	33.000000	5.072000	0.568000	1484927014	1832509	159880	3302425	0	35573	
3.000000	x264	1	1036	33.000000	5.064000	0.607000	1491717512	1832737	160567	3338320	0	35570	
3.000000	x264	1	1132	33.000000	5.064000	0.648000	1503918094	1838184	161877	3421386	0	35576	
4.000000	x264	1	1132	33.000000	5.064000	0.648000	1497293562	1835681	163370	3332495	0	35570	
3.000000	x264	1	1132	33.000000	5.064000	0.648000	1479870637	1830224	159566	3232067	0	35576	
3.000000	x264	1	1224	33.000000	5.064000	0.729000	1510111145	1833637	161318	3311406	0	35576	
3.000000	x264	1	1224	33.000000	5.064000	0.729000	1516046932	1835726	162500	3388576	0	35573	
3.000000	x264	1	1224	33.000000	5.064000	0.729000	1505353477	1833187	161343	3309050	0	35576	
3.000000	x264	1	1428	33.000000	5.056000	0.930000	1540101921	1832922	159704	3348057	0	35570	
3.000000	x264	1	1428	33.000000	5.056000	0.930000	1553740252	1837741	159849	3515565	0	35561	
3.000000	x264	1	1428	34.000000	5.056000	0.889000	1543987050	1836796	161390	3403832	0	35561	
2.000000	x264	1	1479	33.000000	5.056000	0.970000	1557998099	1835901	162352	3407093	0	35576	
4.000000	x264	1	1479	34.000000	5.056000	0.970000	1537480087	1830839	160393	3257079	0	35576	
2.000000	x264	1	1479	34.000000	5.056000	0.970000	1539758626	1831271	159516	3305629	0	35561	
