Run Duration (ms)	Benchmark	Run(#)	CPU Frequency (MHz)	CPU Temperature(C)	Voltage[V]	Power[W]	CPU_CYCLES	L1D_CACHE_INVAL	L1D_TLB_REFILL_LD	L1D_TLB_REFILL_ST	L2D_CACHE_LD	L2D_CACHE_ST
12.000000	blackscholes	1	102	35.000000	5.072000	0.243000	1454559096	62627	4656263	570353	37224117	13392029	
30.000000	blackscholes	1	102	35.000000	5.064000	0.243000	1445840146	65995	4646638	571091	37136311	13348414	
14.000000	blackscholes	1	102	35.000000	5.072000	0.283000	1441971433	59116	4550912	564468	36848763	13347117	
12.000000	blackscholes	1	204	36.000000	5.056000	0.404000	1411625279	39727	4441878	549645	33836500	12765522	
8.000000	blackscholes	1	204	36.000000	5.056000	0.404000	1430466631	37684	4556106	562398	33928751	12995323	
8.000000	blackscholes	1	204	35.000000	5.056000	0.404000	1423040188	38731	4526518	556201	33841799	12743256	
6.000000	blackscholes	1	307	35.000000	5.056000	0.444000	1401378137	32290	4455064	545859	32235745	12297599	
6.000000	blackscholes	1	307	36.000000	5.056000	0.485000	1411646815	29942	4480906	552913	32435560	12452768	
6.000000	blackscholes	1	307	36.000000	5.056000	0.485000	1406952143	31138	4498181	548607	32637281	12444558	
4.000000	blackscholes	1	403	36.000000	5.056000	0.525000	1417385916	25371	4450520	545488	31632514	12307989	
6.000000	blackscholes	1	403	35.000000	5.056000	0.525000	1401156354	26536	4432611	547281	31556070	12108930	
4.000000	blackscholes	1	403	36.000000	5.048000	0.525000	1402620678	30510	4390534	541291	31826724	12242480	
2.000000	blackscholes	1	518	36.000000	5.048000	0.605000	1426630626	25239	4387948	548551	31162189	12147939	
4.000000	blackscholes	1	518	36.000000	5.048000	0.605000	1432844291	25603	4455312	546483	31167417	12172975	
4.000000	blackscholes	1	518	36.000000	5.048000	0.646000	1413129976	24739	4409453	545920	31080186	12127314	
4.000000	blackscholes	1	614	36.000000	5.048000	0.646000	1423029944	24705	4376665	544282	30798631	12088726	
4.000000	blackscholes	1	614	36.000000	5.048000	0.646000	1432343256	21866	4378878	538192	30951879	12114016	
4.000000	blackscholes	1	614	36.000000	5.048000	0.646000	1431496337	23801	4393507	541328	30922121	12151016	
4.000000	blackscholes	1	710	36.000000	5.048000	0.767000	1453811148	22932	4418024	545342	30771982	12104088	
4.000000	blackscholes	1	710	36.000000	5.048000	0.686000	1443674642	20432	4384246	536055	30527038	11966388	
4.000000	blackscholes	1	710	36.000000	5.048000	0.726000	1431761501	19748	4335278	538490	30649887	12004063	
4.000000	blackscholes	1	921	35.000000	5.040000	0.846000	1464148584	20391	4375056	534763	30195816	11985493	
2.000000	blackscholes	1	921	36.000000	5.040000	0.846000	1458788032	17880	4376033	539503	30038773	11962709	
2.000000	blackscholes	1	921	36.000000	5.040000	0.806000	1477717253	21113	4417699	543935	30642413	12154770	
2.000000	blackscholes	1	1036	36.000000	5.048000	0.887000	1492466282	19815	4412080	543733	30279193	12098080	
4.000000	blackscholes	1	1036	36.000000	5.040000	1.048000	1511063208	22662	4465805	545380	30441654	12113833	
4.000000	blackscholes	1	1036	36.000000	5.040000	0.967000	1475174259	16868	4341163	537741	29943118	11926621	
2.000000	blackscholes	1	1132	36.000000	5.040000	0.967000	1513586305	17487	4426835	545061	30670680	12347096	
4.000000	blackscholes	1	1132	36.000000	5.040000	1.008000	1505832056	17266	4410797	536640	30515296	12259122	
4.000000	blackscholes	1	1132	36.000000	5.040000	0.967000	1497397750	16967	4410898	540228	30089169	12009854	
2.000000	blackscholes	1	1224	36.000000	5.040000	1.088000	1500575573	19611	4366599	543390	29917988	11868152	
4.000000	blackscholes	1	1224	36.000000	5.040000	1.088000	1503407164	19279	4361804	540067	30056504	11902493	
4.000000	blackscholes	1	1224	36.000000	5.040000	1.128000	1492130916	18751	4371459	539473	29998582	11991753	
2.000000	blackscholes	1	1428	36.000000	5.032000	1.368000	1537940443	16338	4339363	539003	29920196	11938378	
4.000000	blackscholes	1	1428	37.000000	5.032000	1.368000	1530092304	19672	4322742	539716	29748804	11903498	
4.000000	blackscholes	1	1428	37.000000	5.032000	1.368000	1539552227	19671	4367490	538402	30092695	12210873	
4.000000	blackscholes	1	1479	37.000000	5.032000	1.449000	1537524828	18944	4342320	533156	29702584	11875970	
2.000000	blackscholes	1	1479	37.000000	5.032000	1.449000	1530527109	19987	4377080	538272	29874873	11938404	
4.000000	blackscholes	1	1479	36.000000	5.024000	1.446000	1549077043	17111	4399322	537192	29920008	12073984	
16.000000	bodytrack	1	102	35.000000	5.072000	0.243000	1687768060	82867	4800286	602326	39628998	14801262	
18.000000	bodytrack	1	102	35.000000	5.072000	0.243000	1693146936	72819	4808792	599505	39413221	14634472	
24.000000	bodytrack	1	102	35.000000	5.072000	0.243000	1681411019	81305	4715326	599733	39446899	14566780	
6.000000	bodytrack	1	204	35.000000	5.064000	0.324000	1653605314	46686	4677854	583154	36418239	14061800	
8.000000	bodytrack	1	204	35.000000	5.064000	0.324000	1638766051	49986	4601714	576210	36179593	13965630	
8.000000	bodytrack	1	204	35.000000	5.072000	0.324000	1641060878	45235	4698920	586078	35852185	13963633	
4.000000	bodytrack	1	307	35.000000	5.064000	0.364000	1637854692	39949	4603955	576696	34913054	13713247	
6.000000	bodytrack	1	307	35.000000	5.064000	0.364000	1652104599	39102	4656817	581386	35317640	14006817	
6.000000	bodytrack	1	307	35.000000	5.064000	0.364000	1647885171	38158	4651783	576994	35019114	13776357	
4.000000	bodytrack	1	403	36.000000	5.064000	0.405000	1651336541	33550	4618018	575454	34267154	13660087	
6.000000	bodytrack	1	403	35.000000	5.064000	0.445000	1635803169	31722	4482889	563730	33677352	13439374	
4.000000	bodytrack	1	403	35.000000	5.064000	0.445000	1652662108	33519	4590045	578048	34307837	13677030	
4.000000	bodytrack	1	518	35.000000	5.064000	0.486000	1646109462	26712	4552568	570894	33736481	13581350	
4.000000	bodytrack	1	518	35.000000	5.064000	0.486000	1658433365	30461	4550923	570467	33623961	13445232	
4.000000	bodytrack	1	518	35.000000	5.064000	0.486000	1664582053	30156	4530524	570865	33561483	13357569	
4.000000	bodytrack	1	614	35.000000	5.064000	0.525000	1661093720	28253	4537348	570398	32906480	13151061	
4.000000	bodytrack	1	614	35.000000	5.064000	0.526000	1665766347	24312	4596502	573398	33170413	13304404	
4.000000	bodytrack	1	614	36.000000	5.064000	0.526000	1681500418	27067	4595379	570261	33396754	13479213	
4.000000	bodytrack	1	710	35.000000	5.056000	0.606000	1678292529	24996	4542994	565302	32747176	13155507	
4.000000	bodytrack	1	710	35.000000	5.056000	0.566000	1670600181	23954	4546276	571800	32776402	13245596	
4.000000	bodytrack	1	710	36.000000	5.056000	0.566000	1680442286	25998	4586026	573243	32826776	13253868	
4.000000	bodytrack	1	921	36.000000	5.056000	0.728000	1707447851	29390	4547453	567908	32461572	13150788	
4.000000	bodytrack	1	921	36.000000	5.056000	0.728000	1706303480	24532	4498028	563906	32501773	13172640	
4.000000	bodytrack	1	921	35.000000	5.056000	0.728000	1724829392	23257	4517562	565394	32837997	13422390	
4.000000	bodytrack	1	1036	36.000000	5.048000	0.848000	1738941146	20404	4557953	567831	32956688	13546702	
4.000000	bodytrack	1	1036	36.000000	5.048000	0.807000	1727958541	20505	4517181	566249	32500734	13272656	
2.000000	bodytrack	1	1036	36.000000	5.048000	0.848000	1748253408	21811	4538588	570826	32567902	13325817	
4.000000	bodytrack	1	1132	36.000000	5.048000	0.848000	1737388581	21840	4507371	558648	32445731	13191928	
2.000000	bodytrack	1	1132	36.000000	5.048000	0.848000	1739399007	23428	4510506	565801	32251245	13182181	
2.000000	bodytrack	1	1132	36.000000	5.048000	0.888000	1721177869	21755	4482784	560237	31968806	13087145	
4.000000	bodytrack	1	1224	36.000000	5.048000	0.969000	1744935038	23298	4528037	560339	32032080	13033120	
4.000000	bodytrack	1	1224	36.000000	5.048000	0.969000	1754386231	24577	4516847	561560	32281309	13173177	
2.000000	bodytrack	1	1224	36.000000	5.048000	0.969000	1750528904	21619	4554908	565426	32453767	13269198	
2.000000	bodytrack	1	1428	37.000000	5.040000	1.249000	1777086208	21516	4545690	564974	31940450	13111589	
4.000000	bodytrack	1	1428	38.000000	5.040000	1.249000	1775581379	21016	4434700	562985	32046069	13208799	
2.000000	bodytrack	1	1428	36.000000	5.040000	1.209000	1782005724	19270	4540846	567117	32178104	13178092	
2.000000	bodytrack	1	1479	37.000000	5.032000	1.328000	1782580753	20648	4516852	565169	32112524	13177777	
2.000000	bodytrack	1	1479	37.000000	5.032000	1.328000	1789058251	20970	4508223	565360	32102898	13278791	
6.000000	bodytrack	1	1479	38.000000	5.032000	1.368000	1786032849	21461	4537055	566167	32095424	13208572	
14.000000	dedup	1	102	35.000000	5.072000	0.243000	1456389114	70731	4649687	575701	37588045	13777624	
14.000000	dedup	1	102	35.000000	5.072000	0.243000	1464471413	71732	4681400	576958	37594314	13696821	
16.000000	dedup	1	102	35.000000	5.072000	0.243000	1467384756	73338	4710422	581283	37702780	13722780	
8.000000	dedup	1	204	35.000000	5.064000	0.364000	1423371711	47024	4531763	557534	34210953	13040927	
10.000000	dedup	1	204	35.000000	5.064000	0.364000	1428159797	45329	4539721	564990	34274381	13170882	
10.000000	dedup	1	204	35.000000	5.064000	0.364000	1437737059	45927	4553920	558639	34362145	13029598	
6.000000	dedup	1	307	35.000000	5.056000	0.444000	1411109565	33978	4473913	546084	32939445	12822230	
6.000000	dedup	1	307	35.000000	5.056000	0.444000	1428422988	38652	4458717	555409	33071895	12750985	
6.000000	dedup	1	307	35.000000	5.056000	0.485000	1415648645	34526	4446233	549534	32905455	12715020	
4.000000	dedup	1	403	35.000000	5.056000	0.525000	1429535700	31276	4471889	547399	32250267	12647209	
4.000000	dedup	1	403	36.000000	5.048000	0.524000	1423982351	31060	4388672	549171	32293000	12606227	
4.000000	dedup	1	403	35.000000	5.048000	0.524000	1426194922	28827	4506291	551646	32452278	12652136	
2.000000	dedup	1	518	35.000000	5.048000	0.605000	1436213138	28723	4397805	544120	32084006	12554509	
4.000000	dedup	1	518	36.000000	5.048000	0.605000	1437799779	26661	4423064	542974	31587455	12525382	
4.000000	dedup	1	518	36.000000	5.048000	0.565000	1439072352	27098	4395549	547814	31935485	12592330	
4.000000	dedup	1	614	36.000000	5.048000	0.686000	1446199296	24218	4420831	541557	31660975	12574188	
4.000000	dedup	1	614	36.000000	5.048000	0.646000	1450690732	24517	4458241	545224	31604345	12591446	
4.000000	dedup	1	614	36.000000	5.048000	0.686000	1446556884	24982	4407919	545124	31474922	12458233	
2.000000	dedup	1	710	36.000000	5.040000	0.725000	1446293441	21905	4380855	539711	31159772	12391031	
4.000000	dedup	1	710	36.000000	5.048000	0.726000	1456263111	20685	4374718	539533	31043892	12208215	
2.000000	dedup	1	710	36.000000	5.040000	0.726000	1461848857	25277	4407804	543619	31480547	12555734	
2.000000	dedup	1	921	36.000000	5.040000	0.887000	1489370338	22494	4421919	544285	30833034	12297868	
2.000000	dedup	1	921	36.000000	5.040000	0.887000	1480384736	19596	4443061	545618	30773823	12319478	
2.000000	dedup	1	921	36.000000	5.040000	0.846000	1479916517	21258	4374918	540149	30708219	12206758	
4.000000	dedup	1	1036	36.000000	5.040000	0.967000	1504995138	20584	4383410	539613	30744033	12331252	
4.000000	dedup	1	1036	36.000000	5.040000	0.927000	1498767675	19473	4385222	543474	30704767	12428561	
4.000000	dedup	1	1036	36.000000	5.040000	0.967000	1498634007	19939	4375869	539883	30686856	12263682	
4.000000	dedup	1	1132	36.000000	5.040000	1.008000	1503404092	18820	4407500	539844	30658264	12256065	
2.000000	dedup	1	1132	37.000000	5.040000	1.008000	1507739183	18166	4336325	537232	30758318	12381784	
2.000000	dedup	1	1132	36.000000	5.040000	0.967000	1511248093	18019	4375484	539731	31188333	12815024	
4.000000	dedup	1	1224	36.000000	5.040000	1.046000	1510472146	18584	4320873	537777	30229653	12118862	
2.000000	dedup	1	1224	36.000000	5.032000	1.127000	1534028496	22803	4396707	543372	30761265	12418916	
2.000000	dedup	1	1224	37.000000	5.032000	1.167000	1525716522	20430	4359789	541235	30592644	12310981	
2.000000	dedup	1	1428	37.000000	5.024000	1.368000	1548297088	20739	4366371	541664	30303090	12214526	
2.000000	dedup	1	1428	37.000000	5.032000	1.288000	1537270381	18544	4386671	539254	30279889	12198878	
4.000000	dedup	1	1428	37.000000	5.032000	1.408000	1548330353	18573	4405631	537629	30478443	12284647	
2.000000	dedup	1	1479	37.000000	5.024000	1.406000	1555056922	20555	4388078	543464	30343612	12286942	
2.000000	dedup	1	1479	37.000000	5.024000	1.446000	1560832403	18880	4397064	544661	30586056	12349360	
2.000000	dedup	1	1479	37.000000	5.024000	1.406000	1564250082	19045	4331362	536791	30422257	12314433	
20.000000	ferret	1	102	35.000000	5.072000	0.243000	1461124475	60415	4595565	573776	37059105	13662069	
32.000000	ferret	1	102	35.000000	5.072000	0.243000	1468666811	59926	4677581	577416	36865494	13623882	
14.000000	ferret	1	102	35.000000	5.072000	0.243000	1475017872	63413	4705045	574172	37363473	13868998	
8.000000	ferret	1	204	35.000000	5.072000	0.324000	1431085870	37137	4503163	561180	34028995	13124545	
6.000000	ferret	1	204	35.000000	5.072000	0.324000	1427262202	39685	4513927	558301	33982252	12810138	
8.000000	ferret	1	204	35.000000	5.064000	0.324000	1439613032	40494	4486307	559252	34214292	12895986	
6.000000	ferret	1	307	35.000000	5.072000	0.365000	1443769250	32282	4495123	556289	32914473	12897556	
6.000000	ferret	1	307	35.000000	5.072000	0.364000	1453584942	33212	4540368	555884	33231724	12912968	
6.000000	ferret	1	307	35.000000	5.072000	0.364000	1432750326	30680	4514718	556492	32664149	12633714	
4.000000	ferret	1	403	35.000000	5.072000	0.405000	1438681051	31003	4452670	552025	32381841	12610850	
4.000000	ferret	1	403	35.000000	5.072000	0.405000	1432497882	29656	4470390	551492	32106418	12406344	
4.000000	ferret	1	403	35.000000	5.072000	0.405000	1441286157	29026	4470211	548631	32280197	12619695	
4.000000	ferret	1	518	35.000000	5.072000	0.446000	1451732531	24682	4478629	553568	31658728	12465047	
4.000000	ferret	1	518	35.000000	5.072000	0.405000	1436409526	24061	4430193	547108	31582192	12471673	
4.000000	ferret	1	518	35.000000	5.072000	0.446000	1446498650	28086	4394375	551172	31611214	12393783	
4.000000	ferret	1	614	35.000000	5.072000	0.486000	1455941072	22443	4422281	546481	31428197	12446724	
2.000000	ferret	1	614	35.000000	5.072000	0.486000	1464354040	21323	4379397	547752	31521045	12463726	
4.000000	ferret	1	614	35.000000	5.072000	0.446000	1456258275	24565	4370834	548331	31338407	12328924	
4.000000	ferret	1	710	36.000000	5.064000	0.526000	1473356975	22003	4431442	547196	31269047	12308544	
4.000000	ferret	1	710	35.000000	5.064000	0.526000	1477365448	23382	4412827	539636	31316979	12428987	
2.000000	ferret	1	710	36.000000	5.072000	0.486000	1481279165	20525	4465251	555171	31410107	12350190	
2.000000	ferret	1	921	35.000000	5.064000	0.567000	1498936825	18746	4435938	550871	30921055	12417662	
2.000000	ferret	1	921	36.000000	5.064000	0.567000	1492073509	23169	4376963	546649	30611019	12239164	
4.000000	ferret	1	921	36.000000	5.064000	0.567000	1499721288	21812	4421291	543612	30746911	12286402	
2.000000	ferret	1	1036	36.000000	5.064000	0.607000	1524721910	20592	4478710	552522	30820627	12371349	
4.000000	ferret	1	1036	35.000000	5.056000	0.647000	1525235301	20808	4454785	548658	30882390	12340729	
4.000000	ferret	1	1036	36.000000	5.064000	0.607000	1530030392	17436	4447477	545856	30679072	12298826	
2.000000	ferret	1	1132	35.000000	5.056000	0.728000	1512634239	19664	4367610	540247	30456293	12176971	
2.000000	ferret	1	1132	36.000000	5.064000	0.648000	1518167879	19441	4396621	551302	30603368	12253645	
2.000000	ferret	1	1132	36.000000	5.064000	0.648000	1525212670	21214	4450721	547291	30613542	12228313	
4.000000	ferret	1	1224	35.000000	5.064000	0.729000	1529582822	18959	4346721	540351	30451227	12128400	
4.000000	ferret	1	1224	36.000000	5.056000	0.728000	1560764153	18012	4446858	546587	30943223	12545237	
2.000000	ferret	1	1224	36.000000	5.064000	0.769000	1541778377	19918	4461381	547228	30743004	12310544	
4.000000	ferret	1	1428	36.000000	5.056000	0.930000	1568271678	17177	4444395	543728	30383972	12228915	
4.000000	ferret	1	1428	37.000000	5.056000	0.889000	1568884865	22125	4409233	542961	30422119	12185918	
2.000000	ferret	1	1428	36.000000	5.056000	0.930000	1571308839	17046	4424074	541670	30540252	12333241	
4.000000	ferret	1	1479	37.000000	5.056000	0.970000	1571033343	18536	4397383	546522	30343483	12180831	
4.000000	ferret	1	1479	36.000000	5.056000	0.970000	1577685671	20064	4368619	540112	30402439	12335998	
4.000000	ferret	1	1479	36.000000	5.048000	1.049000	1582793607	22437	4357212	539219	30371146	12291801	
16.000000	fluidanimate	1	102	35.000000	5.072000	0.243000	1504621582	66038	4720632	587686	37559142	13938772	
14.000000	fluidanimate	1	102	35.000000	5.072000	0.243000	1496244602	71466	4652914	584811	37511235	13689822	
30.000000	fluidanimate	1	102	35.000000	5.064000	0.243000	1493539042	69852	4676260	581213	37378622	13699173	
8.000000	fluidanimate	1	204	35.000000	5.064000	0.364000	1460884825	42297	4539014	568924	34755596	13342346	
12.000000	fluidanimate	1	204	35.000000	5.064000	0.364000	1442596587	37775	4495512	562642	33821230	12872014	
12.000000	fluidanimate	1	204	35.000000	5.064000	0.364000	1455946392	40467	4498634	563089	34292038	12990700	
6.000000	fluidanimate	1	307	35.000000	5.056000	0.444000	1468137688	31003	4475648	561823	33113653	12967154	
6.000000	fluidanimate	1	307	35.000000	5.064000	0.405000	1445132187	32379	4456848	560240	33081155	12851890	
6.000000	fluidanimate	1	307	35.000000	5.056000	0.444000	1450086019	29831	4465420	556481	33058067	12909891	
4.000000	fluidanimate	1	403	35.000000	5.056000	0.525000	1464441033	27636	4466060	562645	32319638	12712893	
4.000000	fluidanimate	1	403	35.000000	5.056000	0.485000	1449793357	26315	4393115	555618	32221917	12653954	
4.000000	fluidanimate	1	403	35.000000	5.056000	0.485000	1477639862	28279	4517782	558277	32483018	12814565	
4.000000	fluidanimate	1	518	35.000000	5.048000	0.565000	1469181170	23436	4480489	554557	32069471	12849375	
6.000000	fluidanimate	1	518	36.000000	5.056000	0.606000	1461700044	24153	4410740	550754	31455097	12529208	
4.000000	fluidanimate	1	518	36.000000	5.048000	0.566000	1470105695	24233	4465440	559756	31729819	12548079	
4.000000	fluidanimate	1	614	36.000000	5.048000	0.646000	1472571956	21927	4354449	548910	31326630	12480114	
4.000000	fluidanimate	1	614	36.000000	5.048000	0.646000	1470426402	23922	4417629	549782	31228884	12433817	
4.000000	fluidanimate	1	614	36.000000	5.048000	0.646000	1472192964	22981	4432550	552553	31311959	12488300	
2.000000	fluidanimate	1	710	36.000000	5.048000	0.726000	1493174640	19833	4414280	550920	30909362	12299251	
2.000000	fluidanimate	1	710	36.000000	5.048000	0.686000	1493738929	19658	4440920	552626	31241200	12517390	
4.000000	fluidanimate	1	710	36.000000	5.048000	0.726000	1508924941	19997	4420929	551320	31298615	12488557	
4.000000	fluidanimate	1	921	36.000000	5.048000	0.848000	1509564560	19037	4400268	547296	30477726	12225686	
4.000000	fluidanimate	1	921	36.000000	5.040000	0.846000	1518968416	22437	4336151	548168	30931258	12429015	
2.000000	fluidanimate	1	921	36.000000	5.040000	0.846000	1524395038	23183	4381461	550883	30819957	12341000	
4.000000	fluidanimate	1	1036	36.000000	5.032000	0.967000	1552237843	18057	4384199	547613	30777702	12432826	
2.000000	fluidanimate	1	1036	36.000000	5.040000	0.927000	1538659544	18714	4420162	550161	30533109	12295033	
4.000000	fluidanimate	1	1036	37.000000	5.040000	0.927000	1526689090	25220	4319657	548269	30654250	12277181	
2.000000	fluidanimate	1	1132	37.000000	5.040000	0.927000	1549001523	18012	4370930	549341	30649204	12328982	
4.000000	fluidanimate	1	1132	36.000000	5.040000	0.887000	1547216384	19205	4407205	550837	30783833	12545793	
2.000000	fluidanimate	1	1132	36.000000	5.040000	0.927000	1545824825	18335	4387118	545760	30784357	12392374	
2.000000	fluidanimate	1	1224	37.000000	5.032000	1.127000	1554390105	18786	4407941	551182	30619628	12433602	
4.000000	fluidanimate	1	1224	36.000000	5.032000	1.127000	1548618268	24197	4430497	553307	30405549	12240063	
4.000000	fluidanimate	1	1224	36.000000	5.032000	1.086000	1551172233	16563	4421231	552490	30542182	12340002	
4.000000	fluidanimate	1	1428	36.000000	5.024000	1.446000	1580572738	18955	4381362	546961	30255562	12241163	
2.000000	fluidanimate	1	1428	37.000000	5.024000	1.446000	1596215923	17968	4403304	552811	30487741	12328403	
4.000000	fluidanimate	1	1428	37.000000	5.032000	1.288000	1574262568	17816	4395214	549899	30014499	12131514	
4.000000	fluidanimate	1	1479	37.000000	5.024000	1.406000	1577602357	14256	4298556	541683	29931717	12083312	
2.000000	fluidanimate	1	1479	37.000000	5.024000	1.446000	1596221061	16344	4376551	552807	30397504	12307874	
2.000000	fluidanimate	1	1479	37.000000	5.016000	1.487000	1593949301	22296	4378392	545787	30394372	12440915	
14.000000	freqmine	1	102	35.000000	5.064000	0.243000	1465010085	57204	4578763	566195	36844970	13711668	
16.000000	freqmine	1	102	35.000000	5.072000	0.243000	1470724060	67357	4680593	575790	37256076	13562622	
26.000000	freqmine	1	102	35.000000	5.064000	0.243000	1489833328	68953	4711310	576536	37782062	13712909	
18.000000	freqmine	1	204	36.000000	5.064000	0.404000	1442532397	40140	4516978	559974	34125937	12937749	
10.000000	freqmine	1	204	35.000000	5.064000	0.364000	1435580147	37247	4487060	558331	33944405	12955602	
10.000000	freqmine	1	204	35.000000	5.064000	0.324000	1430916266	39034	4532603	557365	33917712	12989239	
6.000000	freqmine	1	307	35.000000	5.056000	0.444000	1429394227	28554	4464495	550983	32681793	12667873	
6.000000	freqmine	1	307	36.000000	5.056000	0.444000	1432704008	30073	4444682	554448	32725099	12673215	
4.000000	freqmine	1	307	35.000000	5.056000	0.444000	1442323330	32461	4566344	559983	33061422	12867198	
4.000000	freqmine	1	403	35.000000	5.056000	0.485000	1425945930	27630	4417390	548164	31627877	12353963	
6.000000	freqmine	1	403	36.000000	5.056000	0.485000	1433867099	26238	4381266	545099	32120533	12541725	
6.000000	freqmine	1	403	36.000000	5.056000	0.485000	1441101390	27116	4410913	552017	32150179	12484800	
4.000000	freqmine	1	518	36.000000	5.048000	0.566000	1434436419	23781	4416016	546228	31601235	12451263	
4.000000	freqmine	1	518	35.000000	5.056000	0.566000	1468249870	22898	4477811	553805	31940501	12755463	
4.000000	freqmine	1	518	36.000000	5.056000	0.566000	1443129923	22135	4409730	545617	31543852	12361103	
2.000000	freqmine	1	614	36.000000	5.048000	0.606000	1457461050	23721	4409673	546575	31302901	12405707	
4.000000	freqmine	1	614	36.000000	5.048000	0.646000	1460121954	21591	4459163	548261	31190799	12351095	
2.000000	freqmine	1	614	36.000000	5.048000	0.646000	1459513190	20958	4357282	544444	31343072	12503488	
4.000000	freqmine	1	710	36.000000	5.048000	0.726000	1463655982	18530	4425490	546211	30804886	12297041	
2.000000	freqmine	1	710	36.000000	5.048000	0.686000	1486602082	20326	4442323	555465	31073675	12308927	
4.000000	freqmine	1	710	36.000000	5.048000	0.686000	1463448007	19097	4369039	543354	31071956	12354208	
4.000000	freqmine	1	921	36.000000	5.048000	0.806000	1493392262	20363	4439014	547265	30599849	12258573	
4.000000	freqmine	1	921	36.000000	5.040000	0.846000	1503606329	18825	4437347	547028	31035645	12501874	
4.000000	freqmine	1	921	36.000000	5.048000	0.846000	1503217340	19441	4467736	549271	30839100	12238260	
4.000000	freqmine	1	1036	36.000000	5.040000	0.887000	1525027888	16307	4399269	544520	30381806	12227563	
4.000000	freqmine	1	1036	36.000000	5.040000	0.887000	1528524826	17685	4432524	542546	30741448	12380693	
4.000000	freqmine	1	1036	36.000000	5.040000	0.887000	1513081154	18117	4352513	543144	30505037	12248431	
4.000000	freqmine	1	1132	36.000000	5.040000	0.927000	1517165753	18115	4420951	544080	30478171	12174607	
4.000000	freqmine	1	1132	36.000000	5.040000	0.927000	1526659870	17593	4417338	544576	30643114	12297451	
2.000000	freqmine	1	1132	36.000000	5.040000	0.927000	1514954385	15922	4377586	538212	30519884	12258889	
2.000000	freqmine	1	1224	36.000000	5.040000	1.008000	1542112619	17798	4417762	542987	30627448	12339632	
2.000000	freqmine	1	1224	37.000000	5.032000	1.167000	1536051491	19525	4399615	542518	30405305	12229006	
4.000000	freqmine	1	1224	36.000000	5.032000	1.046000	1530446296	15389	4337186	538644	30151293	12097300	
4.000000	freqmine	1	1428	37.000000	5.024000	1.406000	1557426700	18916	4388299	546625	30250983	12284580	
2.000000	freqmine	1	1428	36.000000	5.032000	1.247000	1556807645	16656	4359701	538667	30084246	12133829	
2.000000	freqmine	1	1428	37.000000	5.024000	1.487000	1567738566	16996	4423027	545642	30208682	12143713	
4.000000	freqmine	1	1479	37.000000	5.024000	1.527000	1557936592	15598	4350269	537757	29960890	12175876	
2.000000	freqmine	1	1479	37.000000	5.024000	1.446000	1576822403	15343	4405520	542055	30343126	12205149	
4.000000	freqmine	1	1479	37.000000	5.024000	1.527000	1565335539	17863	4396864	546004	30101747	12199003	
18.000000	streamcluster	1	102	35.000000	5.072000	0.243000	1434637613	61992	4566657	567241	36100312	13127062	
12.000000	streamcluster	1	102	35.000000	5.072000	0.243000	1443045096	64779	4600677	567790	36982848	13343070	
18.000000	streamcluster	1	102	35.000000	5.072000	0.283000	1444257564	68412	4600504	570162	36777894	13242152	
16.000000	streamcluster	1	204	35.000000	5.056000	0.364000	1395998220	42161	4473638	549581	33212040	12435376	
8.000000	streamcluster	1	204	35.000000	5.056000	0.364000	1394912903	39348	4475767	548939	33071801	12526556	
6.000000	streamcluster	1	204	35.000000	5.056000	0.404000	1397642834	41825	4450253	550697	33322351	12489759	
4.000000	streamcluster	1	307	36.000000	5.056000	0.444000	1387672112	33039	4427118	544807	31938688	12235339	
6.000000	streamcluster	1	307	35.000000	5.056000	0.444000	1391883653	34634	4405778	546252	32232391	12404542	
4.000000	streamcluster	1	307	35.000000	5.056000	0.444000	1387808423	35884	4395413	542059	32146789	12497042	
4.000000	streamcluster	1	403	35.000000	5.056000	0.525000	1410153545	24808	4395884	537846	31488462	12318903	
4.000000	streamcluster	1	403	36.000000	5.056000	0.525000	1398446864	25941	4378050	540916	31310957	12103676	
6.000000	streamcluster	1	403	35.000000	5.056000	0.525000	1425057056	25022	4427706	547022	31978056	12462496	
4.000000	streamcluster	1	518	35.000000	5.048000	0.605000	1413122042	21755	4375535	541809	30986831	12047021	
4.000000	streamcluster	1	518	35.000000	5.048000	0.565000	1428047738	22008	4417420	540642	30983414	12165656	
4.000000	streamcluster	1	518	35.000000	5.056000	0.606000	1410832974	21062	4394881	538072	31078703	12271388	
4.000000	streamcluster	1	614	36.000000	5.048000	0.686000	1424221505	19891	4325781	534918	30605683	12044665	
4.000000	streamcluster	1	614	36.000000	5.048000	0.646000	1410735709	23479	4355637	536798	30444756	11861484	
2.000000	streamcluster	1	614	36.000000	5.048000	0.646000	1424756536	21797	4394036	543354	30625964	11974608	
4.000000	streamcluster	1	710	35.000000	5.048000	0.766000	1430613439	20493	4381247	540590	30458088	11954976	
4.000000	streamcluster	1	710	36.000000	5.048000	0.686000	1427911622	19032	4377048	533481	30405831	12006965	
4.000000	streamcluster	1	710	36.000000	5.040000	0.726000	1448066505	19246	4367766	538490	30490669	12009323	
2.000000	streamcluster	1	921	36.000000	5.048000	0.848000	1457452773	16760	4313306	537616	29967240	11940929	
2.000000	streamcluster	1	921	36.000000	5.048000	0.887000	1460110448	17335	4329192	536350	29946021	11797421	
2.000000	streamcluster	1	921	35.000000	5.048000	0.888000	1461267787	17268	4357967	538062	30154821	11952773	
2.000000	streamcluster	1	1036	36.000000	5.048000	0.888000	1479755859	15673	4377839	538314	29911033	11886689	
4.000000	streamcluster	1	1036	36.000000	5.040000	0.928000	1485896216	15618	4322616	531399	30125472	12099261	
2.000000	streamcluster	1	1036	36.000000	5.048000	0.888000	1472078363	15468	4310051	537638	29997962	11904705	
2.000000	streamcluster	1	1132	36.000000	5.048000	0.927000	1477059233	17475	4339745	535958	29770178	11921487	
4.000000	streamcluster	1	1132	36.000000	5.048000	0.928000	1474449225	18328	4338764	535587	29745083	11859431	
4.000000	streamcluster	1	1132	36.000000	5.040000	0.887000	1485560306	16435	4375914	534833	30008773	11890493	
4.000000	streamcluster	1	1224	36.000000	5.032000	1.046000	1497044220	17142	4332938	531532	29885232	12027112	
2.000000	streamcluster	1	1224	36.000000	5.032000	1.086000	1512404161	14505	4379698	537530	29877241	11947913	
4.000000	streamcluster	1	1224	36.000000	5.040000	1.048000	1491114037	19101	4339685	538216	29753919	11881965	
2.000000	streamcluster	1	1428	36.000000	5.040000	1.209000	1536211691	15618	4353427	535367	29826179	12135310	
2.000000	streamcluster	1	1428	37.000000	5.040000	1.288000	1528126371	15535	4359089	536586	29679387	11910976	
4.000000	streamcluster	1	1428	36.000000	5.040000	1.288000	1526780401	18095	4368224	541293	29547096	11903152	
2.000000	streamcluster	1	1479	36.000000	5.032000	1.408000	1538919389	17064	4325182	539925	29750134	11910830	
2.000000	streamcluster	1	1479	37.000000	5.024000	1.366000	1537264391	16605	4375202	540780	29777923	11964332	
4.000000	streamcluster	1	1479	36.000000	5.032000	1.368000	1528804448	17218	4319387	534328	29373522	11773648	
20.000000	vips	1	102	35.000000	5.072000	0.243000	1598590939	75974	5093372	1333243	38786285	14913447	
14.000000	vips	1	102	35.000000	5.072000	0.243000	1613134541	73164	5137107	1333149	39301067	15200851	
14.000000	vips	1	102	35.000000	5.072000	0.243000	1603516192	71617	5093736	1334050	39153383	14896177	
8.000000	vips	1	204	35.000000	5.072000	0.324000	1571278715	41357	4973588	1315357	35852979	14513547	
8.000000	vips	1	204	35.000000	5.072000	0.324000	1568310327	41530	5014648	1318948	35319866	14235884	
8.000000	vips	1	204	35.000000	5.064000	0.324000	1574932511	46813	5014017	1321439	35913219	14349491	
4.000000	vips	1	307	35.000000	5.072000	0.365000	1553507841	32844	4863532	1306256	34158796	14071584	
6.000000	vips	1	307	35.000000	5.072000	0.364000	1555106471	37730	4889077	1304671	34281358	13876375	
6.000000	vips	1	307	35.000000	5.064000	0.364000	1569656839	32671	4937293	1304743	34540353	14066273	
6.000000	vips	1	403	35.000000	5.072000	0.405000	1559255802	26779	4850717	1301862	33224089	13676091	
4.000000	vips	1	403	35.000000	5.064000	0.445000	1565226617	27995	4898141	1306931	33835812	14055550	
4.000000	vips	1	403	35.000000	5.064000	0.445000	1574125809	28282	4889943	1305175	33718137	13892981	
4.000000	vips	1	518	35.000000	5.064000	0.486000	1579038375	24543	4844953	1296198	33214729	13822953	
4.000000	vips	1	518	35.000000	5.064000	0.445000	1573377047	26603	4821950	1296400	33187107	13790210	
4.000000	vips	1	518	35.000000	5.072000	0.445000	1562145974	23247	4862101	1302269	32890330	13590612	
4.000000	vips	1	614	35.000000	5.064000	0.526000	1586630359	23315	4858557	1303520	32869698	13759529	
4.000000	vips	1	614	35.000000	5.064000	0.526000	1587869200	24610	4830227	1293829	32936378	13749684	
4.000000	vips	1	614	35.000000	5.072000	0.486000	1581276728	21546	4856618	1297022	32863414	13721180	
2.000000	vips	1	710	35.000000	5.064000	0.567000	1609155778	18674	4832087	1292690	32810396	13826398	
4.000000	vips	1	710	35.000000	5.064000	0.567000	1603701597	20405	4860541	1297497	32655593	13776185	
4.000000	vips	1	710	35.000000	5.064000	0.567000	1587452592	20207	4835533	1297352	32327971	13504267	
4.000000	vips	1	921	36.000000	5.064000	0.687000	1623269928	18639	4800666	1289929	32105185	13539664	
2.000000	vips	1	921	36.000000	5.064000	0.647000	1636796686	19972	4858634	1297279	32468374	13770275	
2.000000	vips	1	921	36.000000	5.064000	0.648000	1631713753	21908	4830289	1299167	32561942	13904881	
4.000000	vips	1	1036	36.000000	5.056000	0.728000	1643185154	22097	4805255	1292556	32269996	13719733	
2.000000	vips	1	1036	35.000000	5.064000	0.728000	1636167286	19324	4798916	1290544	32231918	13657780	
2.000000	vips	1	1036	36.000000	5.056000	0.728000	1653404367	18729	4827830	1293850	32286404	13742254	
2.000000	vips	1	1132	36.000000	5.056000	0.768000	1652018707	25647	4820321	1291779	32022201	13644105	
4.000000	vips	1	1132	35.000000	5.056000	0.728000	1644243891	20760	4840290	1299140	32053546	13601115	
2.000000	vips	1	1132	36.000000	5.056000	0.768000	1656061081	20803	4870727	1297806	31947350	13529513	
2.000000	vips	1	1224	36.000000	5.056000	0.849000	1658555689	15596	4800606	1300433	31741278	13486883	
2.000000	vips	1	1224	36.000000	5.056000	0.889000	1672714205	18351	4841486	1301588	32019976	13639474	
2.000000	vips	1	1224	36.000000	5.056000	0.889000	1664600032	19476	4834990	1294548	32227263	13773487	
2.000000	vips	1	1428	37.000000	5.048000	1.130000	1694551174	16470	4785817	1299448	31772202	13483336	
2.000000	vips	1	1428	36.000000	5.048000	1.130000	1692367468	17645	4801396	1296979	31839550	13600400	
2.000000	vips	1	1428	37.000000	5.040000	1.128000	1698041136	18914	4799926	1297761	31750892	13518127	
4.000000	vips	1	1479	38.000000	5.032000	1.207000	1700684769	18442	4810742	1291203	31660110	13584023	
2.000000	vips	1	1479	37.000000	5.032000	1.207000	1704152966	20318	4842202	1295453	31867492	13512799	
4.000000	vips	1	1479	38.000000	5.040000	1.209000	1716840044	18509	4836902	1289656	31858752	13572087	
14.000000	x264	1	102	35.000000	5.064000	0.243000	1444461312	63497	4652800	572067	36625602	13302775	
16.000000	x264	1	102	35.000000	5.072000	0.243000	1434977943	62461	4620791	571958	36336164	13241527	
16.000000	x264	1	102	35.000000	5.064000	0.243000	1451353142	64119	4647679	574219	36693392	13477916	
8.000000	x264	1	204	35.000000	5.072000	0.324000	1410057913	38326	4501731	555048	33574853	12689676	
10.000000	x264	1	204	35.000000	5.064000	0.324000	1412127968	37950	4476827	550577	33955162	12851691	
6.000000	x264	1	204	35.000000	5.072000	0.324000	1419022823	37718	4565261	558183	33969519	12867197	
6.000000	x264	1	307	35.000000	5.072000	0.365000	1405374861	29503	4401095	541511	32301940	12415850	
6.000000	x264	1	307	35.000000	5.072000	0.365000	1406068899	30078	4428044	546370	32415166	12300786	
6.000000	x264	1	307	35.000000	5.064000	0.364000	1396923421	28569	4438256	551607	32177898	12310532	
6.000000	x264	1	403	35.000000	5.072000	0.405000	1411752043	30141	4403706	540831	31716607	12216893	
4.000000	x264	1	403	35.000000	5.072000	0.405000	1416378496	27774	4458985	547464	31828203	12376697	
6.000000	x264	1	403	35.000000	5.072000	0.405000	1407649339	27657	4434230	543236	31981512	12471852	
4.000000	x264	1	518	35.000000	5.072000	0.445000	1443698998	23710	4474847	545503	31660362	12439493	
4.000000	x264	1	518	35.000000	5.072000	0.446000	1424937571	23941	4394694	544496	31397779	12351677	
4.000000	x264	1	518	35.000000	5.072000	0.445000	1420886955	21624	4398254	543669	31347149	12256785	
4.000000	x264	1	614	35.000000	5.072000	0.445000	1445303455	20629	4457930	548733	30994444	12109339	
4.000000	x264	1	614	35.000000	5.072000	0.446000	1421195113	22711	4338313	541112	30846007	12019387	
2.000000	x264	1	614	35.000000	5.072000	0.486000	1446946441	21470	4445283	541508	31302388	12237367	
4.000000	x264	1	710	35.000000	5.064000	0.486000	1474403140	22120	4461463	546397	31306742	12336435	
4.000000	x264	1	710	35.000000	5.064000	0.486000	1446064542	21673	4400725	541666	30971605	12267710	
2.000000	x264	1	710	35.000000	5.064000	0.526000	1451062239	23607	4445086	544277	30936629	12185725	
4.000000	x264	1	921	35.000000	5.064000	0.607000	1482340129	22304	4434497	547311	30678632	12191992	
4.000000	x264	1	921	35.000000	5.064000	0.567000	1469363717	21250	4320908	537105	30416385	12081824	
2.000000	x264	1	921	35.000000	5.064000	0.567000	1488011421	17669	4446270	547096	30603203	12150663	
2.000000	x264	1	1036	35.000000	5.064000	0.607000	1485726584	16862	4304253	538066	30272443	12153914	
4.000000	x264	1	1036	36.000000	5.064000	0.607000	1488149704	17592	4411934	538704	30270654	12006068	
2.000000	x264	1	1036	35.000000	5.064000	0.648000	1484746601	18006	4361757	543258	30272157	11996130	
2.000000	x264	1	1132	35.000000	5.064000	0.648000	1497756020	16070	4384740	538953	30581466	12316760	
4.000000	x264	1	1132	35.000000	5.064000	0.648000	1512746470	19005	4389862	541717	30627936	12325985	
4.000000	x264	1	1132	35.000000	5.064000	0.648000	1490712933	18960	4417640	542209	30233964	11925092	
4.000000	x264	1	1224	35.000000	5.064000	0.728000	1512362247	22651	4446381	546923	30219654	12020603	
4.000000	x264	1	1224	35.000000	5.064000	0.728000	1506240071	17723	4361639	539069	30245394	12103597	
4.000000	x264	1	1224	36.000000	5.064000	0.728000	1509938541	17970	4431419	547712	30216201	12076038	
2.000000	x264	1	1428	36.000000	5.056000	0.930000	1556345100	18486	4415626	537717	30369957	12252533	
2.000000	x264	1	1428	35.000000	5.048000	0.928000	1525008283	16375	4279602	531305	29886229	11935874	
4.000000	x264	1	1428	36.000000	5.056000	0.930000	1535808802	16142	4370314	534506	29707358	11904171	
2.000000	x264	1	1479	36.000000	5.056000	0.970000	1546541119	16008	4374059	540987	29939665	12019271	
2.000000	x264	1	1479	36.000000	5.048000	0.969000	1555853386	16101	4393132	538545	30113642	12135397	
4.000000	x264	1	1479	37.000000	5.048000	1.009000	1558690140	16996	4389126	540554	30184509	12099072	
