Run Duration (ms)	Benchmark	Run(#)	CPU Frequency (MHz)	CPU Temperature(C)	Voltage[V]	Power[W]	CPU_CYCLES	BR_MIS_PRED	BR_PRED	MEM_ACCESS	L1I_CACHE	L1D_CACHE_WB
13.828125	blackscholes	1	102	21.000000	5.072000	0.202000	1487418872	9248867	234084756	460161061	585901478	4561078	
20.250000	blackscholes	1	102	22.000000	5.072000	0.202000	1504263746	9183526	233636817	458970678	584785147	4635301	
23.046875	blackscholes	1	102	22.000000	5.072000	0.243000	1503871491	9288719	236174957	463531323	590355556	4590670	
6.718750	blackscholes	1	204	22.000000	5.064000	0.324000	1447193328	8702334	228428856	448272186	568167354	4292591	
7.703125	blackscholes	1	204	22.000000	5.064000	0.324000	1398779325	8505530	227714499	446516656	563872444	4204128	
7.453125	blackscholes	1	204	22.000000	5.064000	0.324000	1418102382	8604221	230353770	450791354	569907281	4229742	
6.703125	blackscholes	1	307	23.000000	5.056000	0.404000	1417238858	8384963	230165942	450348341	567565370	4213944	
5.296875	blackscholes	1	307	23.000000	5.056000	0.404000	1395297955	8371056	226019608	442584760	558782998	4051114	
5.281250	blackscholes	1	307	23.000000	5.056000	0.404000	1402734974	8449170	227311467	445234566	561794421	4118364	
4.421875	blackscholes	1	403	23.000000	5.056000	0.485000	1408425181	8280202	226954216	443949008	559111536	4176576	
4.578125	blackscholes	1	403	23.000000	5.056000	0.444000	1396924451	8247107	224032002	439027572	554905039	4028873	
5.062500	blackscholes	1	403	23.000000	5.056000	0.485000	1408387333	8310218	226834823	443136321	558781581	4144405	
3.843750	blackscholes	1	518	23.000000	5.056000	0.565000	1419575590	8198423	226498642	442251429	557801910	4042488	
3.906250	blackscholes	1	518	23.000000	5.040000	0.564000	1418149389	8187679	227047376	443142690	558441751	4099875	
4.109375	blackscholes	1	518	23.000000	5.056000	0.566000	1408540519	8185496	224434318	438747912	553876563	4006070	
3.093750	blackscholes	1	614	23.000000	5.048000	0.605000	1422915575	8087446	225417552	440097254	554399973	4029427	
3.343750	blackscholes	1	614	23.000000	5.048000	0.605000	1428189768	8163426	225675459	441420834	555722285	4044678	
3.906250	blackscholes	1	614	24.000000	5.048000	0.605000	1426654393	8110737	225834660	440826846	555077263	3986221	
3.687500	blackscholes	1	710	24.000000	5.048000	0.686000	1432494406	8079340	224625035	439147391	552814496	4029869	
3.781250	blackscholes	1	710	24.000000	5.048000	0.686000	1439413038	8182746	225565507	441204148	555453470	4006784	
3.656250	blackscholes	1	710	23.000000	5.048000	0.686000	1438854580	8134285	225241638	440131814	554378443	4012333	
2.968750	blackscholes	1	921	24.000000	5.040000	0.806000	1474815698	8051360	227017569	443310303	557730472	4043817	
3.000000	blackscholes	1	921	24.000000	5.040000	0.806000	1465453956	8045314	225116441	439772756	552938266	3947480	
2.968750	blackscholes	1	921	24.000000	5.040000	0.846000	1462533995	8033605	225094512	439680916	553083785	3960237	
4.000000	blackscholes	1	1036	24.000000	5.040000	0.927000	1479922796	8003114	225048716	439615215	552471912	3988264	
3.031250	blackscholes	1	1036	24.000000	5.040000	0.927000	1469712853	8014929	223001059	436124225	550133250	3922711	
3.375000	blackscholes	1	1036	24.000000	5.048000	0.848000	1464217310	7991532	222848167	435315754	548958065	3887663	
2.843750	blackscholes	1	1132	24.000000	5.048000	0.848000	1490120952	8068113	224393201	438704023	551911866	3969292	
3.218750	blackscholes	1	1132	24.000000	5.048000	0.927000	1495730599	8075940	225309190	439858417	553614157	4010089	
3.062500	blackscholes	1	1132	24.000000	5.040000	0.927000	1492323832	8082680	226005153	440963538	555380057	4018447	
3.093750	blackscholes	1	1224	25.000000	5.040000	1.088000	1507918998	8056046	225261429	439970764	553549481	4016754	
2.781250	blackscholes	1	1224	25.000000	5.032000	1.207000	1498095791	7986617	223420773	436838781	549872806	3952057	
3.250000	blackscholes	1	1224	25.000000	5.040000	1.088000	1512823203	8028402	226699111	442077656	555705094	4032998	
2.468750	blackscholes	1	1428	25.000000	5.032000	1.328000	1536410437	7940232	225525151	440413050	552547440	3968701	
2.562500	blackscholes	1	1428	25.000000	5.032000	1.328000	1537100224	7956652	224870036	439228328	552122366	4032865	
2.593750	blackscholes	1	1428	25.000000	5.032000	1.288000	1534630603	8033035	225081462	439282852	553002187	4007736	
2.500000	blackscholes	1	1479	25.000000	5.024000	1.366000	1540014322	7957457	223859558	437356159	550170816	3946213	
2.812500	blackscholes	1	1479	25.000000	5.024000	1.406000	1544157375	7955867	224793667	438986648	552507140	3966223	
2.718750	blackscholes	1	1479	25.000000	5.024000	1.286000	1535259753	8004789	223320808	436722821	549904756	3960603	
37.500000	bodytrack	1	102	24.000000	5.064000	0.243000	1692886895	9392858	277282886	547198326	691062254	4903715	
13.156250	bodytrack	1	102	25.000000	5.064000	0.202000	1691491950	9383276	277046593	546627546	689830956	4987286	
16.187500	bodytrack	1	102	25.000000	5.064000	0.243000	1706569460	9517663	275924951	545002016	690319610	4912874	
8.593750	bodytrack	1	204	25.000000	5.064000	0.283000	1658108538	8981674	274204034	539536783	678366998	4662988	
7.593750	bodytrack	1	204	25.000000	5.064000	0.283000	1651836110	8844902	274609475	540348876	678005839	4604017	
6.937500	bodytrack	1	204	25.000000	5.064000	0.283000	1627383573	8835235	270425397	533215275	670207815	4564618	
6.125000	bodytrack	1	307	25.000000	5.064000	0.324000	1626895373	8685440	269472892	529821115	666278643	4459312	
5.406250	bodytrack	1	307	25.000000	5.072000	0.324000	1657309155	8793222	275194125	540129707	677710786	4586532	
5.406250	bodytrack	1	307	25.000000	5.064000	0.324000	1640619018	8659549	272799809	535583254	670842149	4487105	
5.031250	bodytrack	1	403	26.000000	5.064000	0.364000	1636128336	8581008	270551083	531506272	666584161	4342136	
4.593750	bodytrack	1	403	25.000000	5.064000	0.364000	1646125529	8692836	272133700	534213628	669339237	4413575	
4.593750	bodytrack	1	403	26.000000	5.064000	0.364000	1645259938	8677714	271405070	533480410	669088868	4431786	
4.187500	bodytrack	1	518	26.000000	5.064000	0.445000	1645729300	8451684	269520688	529227941	662814826	4389115	
4.218750	bodytrack	1	518	26.000000	5.064000	0.445000	1648429846	8532189	269368657	529411863	664986502	4399822	
4.343750	bodytrack	1	518	26.000000	5.064000	0.445000	1644054630	8505479	268751626	528270597	662209958	4348748	
3.593750	bodytrack	1	614	26.000000	5.064000	0.486000	1670213206	8448888	272244363	533712658	667829116	4378835	
3.812500	bodytrack	1	614	26.000000	5.064000	0.486000	1663257372	8436538	271401280	532659910	665755944	4346811	
3.781250	bodytrack	1	614	26.000000	5.064000	0.486000	1666553537	8500554	271034333	531973968	665553204	4450893	
3.375000	bodytrack	1	710	26.000000	5.056000	0.525000	1696776472	8506287	273355259	535810642	671273447	4539784	
3.406250	bodytrack	1	710	27.000000	5.056000	0.525000	1678697289	8435257	270298550	530223236	665080501	4394679	
3.375000	bodytrack	1	710	26.000000	5.056000	0.525000	1678708712	8429776	270743701	531377777	663843312	4339282	
3.156250	bodytrack	1	921	26.000000	5.056000	0.647000	1706466821	8382295	270168703	530169473	664039316	4388656	
3.187500	bodytrack	1	921	26.000000	5.056000	0.647000	1707588508	8363428	269862117	529104925	661702275	4260316	
3.125000	bodytrack	1	921	26.000000	5.056000	0.647000	1724823175	8401579	272495164	534038895	667602306	4432701	
2.687500	bodytrack	1	1036	26.000000	5.048000	0.767000	1719133464	8381240	269506896	528493136	661365104	4257237	
2.750000	bodytrack	1	1036	27.000000	5.048000	0.767000	1728902246	8389919	270210091	530099167	662838917	4405763	
3.250000	bodytrack	1	1036	26.000000	5.048000	0.767000	1714198611	8424056	267567162	526084393	658427713	4304448	
2.906250	bodytrack	1	1132	27.000000	5.048000	0.807000	1745719423	8384422	272340984	533420353	667090327	4435708	
2.718750	bodytrack	1	1132	27.000000	5.048000	0.807000	1720662964	8262731	268124516	526074913	658346402	4308676	
2.781250	bodytrack	1	1132	27.000000	5.040000	0.806000	1746440882	8451356	270936804	531194321	664608414	4431805	
3.000000	bodytrack	1	1224	27.000000	5.040000	0.927000	1738958047	8296255	268070569	526003556	659002664	4293734	
3.125000	bodytrack	1	1224	27.000000	5.032000	0.925000	1751706637	8357673	269337297	528374980	661351781	4301027	
3.281250	bodytrack	1	1224	27.000000	5.048000	0.928000	1748478120	8267624	269564492	528470441	660959325	4325805	
2.687500	bodytrack	1	1428	27.000000	5.040000	1.169000	1778298991	8338239	270254011	529721162	662433240	4307351	
2.656250	bodytrack	1	1428	28.000000	5.040000	1.169000	1758130207	8239490	267570623	525112222	656986782	4269165	
2.593750	bodytrack	1	1428	27.000000	5.040000	1.169000	1777372642	8240605	269687924	529325909	662498111	4335576	
2.531250	bodytrack	1	1479	29.000000	5.032000	1.207000	1774751768	8262138	266767270	524195634	657375121	4307672	
2.562500	bodytrack	1	1479	27.000000	5.024000	1.245000	1789143164	8289869	269520204	528681142	660793381	4264257	
2.562500	bodytrack	1	1479	28.000000	5.032000	1.247000	1776250389	8214450	268009219	525824772	657690421	4272753	
16.562500	dedup	1	102	27.000000	5.064000	0.243000	1461281731	8964341	235329030	462490999	585083295	4699133	
14.375000	dedup	1	102	27.000000	5.072000	0.243000	1451365181	8927659	232867026	458394521	580215091	4632879	
16.625000	dedup	1	102	27.000000	5.064000	0.202000	1461868815	8941593	234970600	461655018	583416874	4649846	
9.687500	dedup	1	204	27.000000	5.056000	0.323000	1422905849	8583824	230760140	452558070	570749910	4408072	
9.093750	dedup	1	204	27.000000	5.056000	0.323000	1410975174	8501562	229562698	450478349	567456360	4387455	
8.218750	dedup	1	204	27.000000	5.056000	0.323000	1425075308	8529498	231637102	453617788	571434914	4419229	
5.625000	dedup	1	307	27.000000	5.048000	0.444000	1413206826	8364032	229242734	449025204	565964224	4320180	
5.500000	dedup	1	307	27.000000	5.048000	0.403000	1424063493	8388875	230427101	451122995	568059975	4350630	
5.125000	dedup	1	307	27.000000	5.056000	0.404000	1414918784	8371616	229307621	448908819	565055480	4279365	
4.875000	dedup	1	403	28.000000	5.056000	0.485000	1415079467	8250749	228803753	447449505	562964455	4263203	
4.500000	dedup	1	403	27.000000	5.056000	0.485000	1414536883	8259741	227984434	446422601	560970112	4229997	
4.312500	dedup	1	403	28.000000	5.048000	0.484000	1422180549	8324935	229126447	448148157	564202522	4209143	
3.687500	dedup	1	518	27.000000	5.048000	0.565000	1445934751	8255292	231412504	452118138	566875192	4318202	
3.687500	dedup	1	518	28.000000	5.048000	0.565000	1432421034	8246640	229639928	449381193	563357109	4274432	
4.562500	dedup	1	518	27.000000	5.048000	0.565000	1425342595	8279028	227626989	445287523	559779539	4242277	
4.125000	dedup	1	614	28.000000	5.048000	0.646000	1439829439	8156377	227877849	445781031	560008816	4207368	
3.437500	dedup	1	614	28.000000	5.048000	0.646000	1431342811	8128193	226829866	444066907	557223600	4160388	
3.750000	dedup	1	614	28.000000	5.048000	0.646000	1436100139	8157957	227499533	444706998	559210406	4169466	
3.250000	dedup	1	710	28.000000	5.048000	0.686000	1464331308	8217538	230462437	450599742	565039311	4220027	
3.187500	dedup	1	710	28.000000	5.048000	0.686000	1450773607	8132682	227670141	445380039	560282158	4133436	
3.062500	dedup	1	710	28.000000	5.048000	0.726000	1450554028	8088813	227678064	445093336	558804170	4167715	
2.812500	dedup	1	921	28.000000	5.040000	0.806000	1473616682	8042859	226659072	442827970	556088498	4129743	
3.000000	dedup	1	921	28.000000	5.048000	0.767000	1477102017	8169169	227172706	444276887	557767367	4170451	
3.000000	dedup	1	921	28.000000	5.048000	0.767000	1476228729	8091377	227106763	443847869	557110093	4125575	
3.062500	dedup	1	1036	29.000000	5.040000	0.967000	1481109524	8027347	224825556	440018886	553087680	4132359	
2.875000	dedup	1	1036	28.000000	5.040000	0.887000	1499439454	8137892	227897906	445151192	558950161	4110387	
3.000000	dedup	1	1036	28.000000	5.040000	0.927000	1493336985	8023710	226932051	443530913	556601925	4107879	
2.875000	dedup	1	1132	28.000000	5.040000	0.967000	1504168058	8060366	227246704	444277251	558868504	4123254	
3.687500	dedup	1	1132	28.000000	5.040000	0.967000	1508483613	8014929	227865518	445034847	558689573	4188576	
2.750000	dedup	1	1132	28.000000	5.040000	0.966000	1497620682	8016282	225911509	441955570	554998450	4081373	
3.687500	dedup	1	1224	29.000000	5.040000	1.127000	1503405567	8038064	225262387	440802387	553218252	4111780	
2.750000	dedup	1	1224	29.000000	5.040000	1.088000	1511891861	7968936	226374822	442579530	554916369	4125278	
2.812500	dedup	1	1224	29.000000	5.040000	1.128000	1511797815	8032334	226673106	443115957	555723473	4133096	
3.312500	dedup	1	1428	30.000000	5.024000	1.406000	1553228814	8055734	228022346	445831135	558937424	4244553	
2.687500	dedup	1	1428	29.000000	5.024000	1.406000	1542872307	8017754	227238140	443819364	556565132	4131459	
2.625000	dedup	1	1428	29.000000	5.024000	1.406000	1540489274	7971315	226812890	442998194	555760446	4094882	
2.500000	dedup	1	1479	30.000000	5.024000	1.446000	1550728591	7948176	226602976	442584623	555198430	4102155	
2.562500	dedup	1	1479	30.000000	5.024000	1.366000	1559669922	7968090	227114326	443839701	557395254	4124194	
4.000000	dedup	1	1479	29.000000	5.024000	1.487000	1557172242	7966259	227999709	445377794	558445682	4173727	
12.500000	ferret	1	102	28.000000	5.072000	0.243000	1473077974	9131289	234720666	463629131	589144252	4576123	
14.687500	ferret	1	102	28.000000	5.072000	0.243000	1489769788	9222922	238892273	470673165	596003126	4718009	
16.750000	ferret	1	102	28.000000	5.072000	0.243000	1462289452	9120626	233184738	460602648	586184672	4559785	
6.875000	ferret	1	204	28.000000	5.072000	0.284000	1435966266	8687903	231139741	455215124	576518244	4416041	
6.500000	ferret	1	204	28.000000	5.072000	0.284000	1439495852	8752692	230879294	453952721	576320262	4344823	
6.812500	ferret	1	204	28.000000	5.072000	0.324000	1440563069	8692520	231866191	456009633	577034495	4420717	
5.750000	ferret	1	307	28.000000	5.072000	0.364000	1433497754	8514144	230606770	452599179	571968919	4210773	
5.750000	ferret	1	307	29.000000	5.072000	0.365000	1433888234	8523029	230232374	452023144	572235095	4305004	
5.812500	ferret	1	307	29.000000	5.072000	0.364000	1433525028	8548961	229793506	452019902	570971612	4283389	
4.437500	ferret	1	403	29.000000	5.072000	0.405000	1432566476	8414149	229354230	450365191	567464056	4192396	
4.875000	ferret	1	403	29.000000	5.072000	0.405000	1439851628	8484980	230722063	452623413	570434853	4182804	
4.687500	ferret	1	403	29.000000	5.072000	0.405000	1428576184	8369954	228593191	448902610	566556949	4199422	
4.125000	ferret	1	518	29.000000	5.072000	0.445000	1443417717	8323719	228636922	448958429	566330606	4193850	
3.750000	ferret	1	518	29.000000	5.072000	0.405000	1446006146	8341067	228388781	448805870	566725539	4133138	
3.875000	ferret	1	518	29.000000	5.072000	0.405000	1451570834	8445272	229744695	451006101	568741785	4163141	
3.625000	ferret	1	614	28.000000	5.064000	0.486000	1451503986	8270517	227677551	447162762	564534937	4117374	
3.562500	ferret	1	614	29.000000	5.064000	0.445000	1462153128	8310112	230068379	451279437	567807582	4158304	
3.937500	ferret	1	614	29.000000	5.072000	0.486000	1456922010	8449172	228300215	448789703	566097438	4173364	
3.125000	ferret	1	710	29.000000	5.064000	0.526000	1469296632	8366991	228702103	448957636	565884137	4125716	
3.375000	ferret	1	710	29.000000	5.064000	0.486000	1486005526	8309542	232069112	454121272	571341635	4205623	
3.125000	ferret	1	710	29.000000	5.064000	0.486000	1454559880	8254350	226401057	444439586	561378118	4059749	
2.812500	ferret	1	921	30.000000	5.064000	0.567000	1496420604	8214621	228847787	448958449	565235133	4088974	
2.875000	ferret	1	921	30.000000	5.064000	0.567000	1490555112	8252128	227824530	446803868	563046537	4072100	
3.062500	ferret	1	921	29.000000	5.064000	0.567000	1502486261	8227130	229891196	450190308	566534932	4138217	
2.875000	ferret	1	1036	30.000000	5.064000	0.648000	1513953309	8222855	228102126	447463877	564152127	4137728	
2.875000	ferret	1	1036	29.000000	5.064000	0.607000	1512084293	8182626	228108596	447450196	564223521	4089701	
2.750000	ferret	1	1036	29.000000	5.064000	0.607000	1529009397	8217055	230716938	451666633	568708744	4137224	
2.937500	ferret	1	1132	30.000000	5.064000	0.648000	1509212625	8073257	226573858	444398911	559532205	4088539	
2.687500	ferret	1	1132	29.000000	5.056000	0.687000	1521337196	8175040	228252718	447410269	563408962	4090798	
2.750000	ferret	1	1132	30.000000	5.064000	0.607000	1521098075	8218838	228558355	447857857	564325906	4067578	
2.812500	ferret	1	1224	30.000000	5.056000	0.728000	1539252504	8185985	229270462	449072753	565710238	4097216	
2.750000	ferret	1	1224	31.000000	5.056000	0.728000	1539079672	8208137	228547953	447922856	564011242	4063694	
2.687500	ferret	1	1224	30.000000	5.056000	0.728000	1519027349	8191160	225756991	443165690	559045609	3989767	
2.875000	ferret	1	1428	31.000000	5.056000	0.889000	1562042190	8161599	227845877	446941475	562152859	4137629	
2.812500	ferret	1	1428	30.000000	5.056000	0.889000	1566782203	8171073	228874608	448762763	564512252	4151482	
2.875000	ferret	1	1428	31.000000	5.056000	0.889000	1557837725	8157188	226996416	445260854	560973581	4045043	
3.562500	ferret	1	1479	30.000000	5.048000	0.928000	1576303224	8147754	228537087	448180414	564255246	4068812	
2.750000	ferret	1	1479	31.000000	5.048000	0.969000	1573008441	8160372	228005766	446726147	562750348	4066667	
3.187500	ferret	1	1479	31.000000	5.056000	0.930000	1562850555	8120846	226599519	444415985	559995339	4023906	
16.250000	fluidanimate	1	102	29.000000	5.064000	0.243000	1476039261	9264137	239495092	471290594	599118107	4623708	
13.437500	fluidanimate	1	102	30.000000	5.064000	0.243000	1497557778	9316702	242518023	477141830	604283298	4648547	
21.125000	fluidanimate	1	102	29.000000	5.064000	0.243000	1482291287	9350835	239669409	471883122	599904960	4588600	
8.937500	fluidanimate	1	204	30.000000	5.056000	0.323000	1454263784	8898828	237899409	466285638	590615293	4410079	
10.312500	fluidanimate	1	204	30.000000	5.064000	0.364000	1446485412	8887046	236772280	464641030	588588563	4393413	
8.687500	fluidanimate	1	204	30.000000	5.064000	0.324000	1462268381	8816728	239798035	469552268	592741482	4430309	
5.437500	fluidanimate	1	307	30.000000	5.064000	0.404000	1451218875	8655784	238124644	465649141	586828538	4251812	
5.437500	fluidanimate	1	307	30.000000	5.056000	0.404000	1438355011	8649574	235033958	460767608	581056687	4222706	
5.375000	fluidanimate	1	307	30.000000	5.056000	0.405000	1459737397	8713750	239121750	467469501	588990503	4345352	
4.250000	fluidanimate	1	403	30.000000	5.056000	0.485000	1438431937	8524196	234583275	459198380	578584590	4217384	
4.562500	fluidanimate	1	403	30.000000	5.056000	0.485000	1455312340	8589719	235899464	461792019	583683153	4233067	
4.562500	fluidanimate	1	403	30.000000	5.056000	0.485000	1460096737	8576258	238437055	465917829	585685480	4281720	
3.875000	fluidanimate	1	518	30.000000	5.056000	0.566000	1453966579	8584318	233921472	458029746	578008630	4149471	
3.750000	fluidanimate	1	518	30.000000	5.056000	0.566000	1464204957	8506604	236531597	462183087	581950276	4198372	
4.000000	fluidanimate	1	518	30.000000	5.056000	0.525000	1461828254	8483337	235631636	460816017	580362904	4174610	
3.875000	fluidanimate	1	614	30.000000	5.048000	0.605000	1470471658	8465124	234831958	459147879	580858269	4186409	
3.500000	fluidanimate	1	614	30.000000	5.048000	0.646000	1469856839	8494373	234343651	458285181	578495866	4181286	
6.250000	fluidanimate	1	614	30.000000	5.048000	0.605000	1461583206	8416554	234438103	458854777	577165898	4105133	
3.312500	fluidanimate	1	710	30.000000	5.048000	0.726000	1480044038	8457660	234324269	458122913	577978406	4119876	
3.312500	fluidanimate	1	710	31.000000	5.048000	0.646000	1492125444	8437012	236487750	462273994	581600582	4119613	
3.562500	fluidanimate	1	710	30.000000	5.048000	0.686000	1474716967	8491562	233203121	456403338	577616216	4042344	
3.750000	fluidanimate	1	921	30.000000	5.048000	0.807000	1531431164	8416060	238405401	465296569	584127276	4200239	
3.000000	fluidanimate	1	921	31.000000	5.048000	0.767000	1518158814	8373450	235680339	460841054	579304208	4140672	
3.125000	fluidanimate	1	921	30.000000	5.040000	0.806000	1517620829	8397920	235409786	460549943	578894292	4128101	
2.937500	fluidanimate	1	1036	31.000000	5.040000	0.927000	1539783995	8343137	237522389	463347945	581869119	4159314	
2.812500	fluidanimate	1	1036	31.000000	5.040000	0.846000	1544082676	8356625	237568486	463498863	582189830	4215146	
2.875000	fluidanimate	1	1036	30.000000	5.040000	0.887000	1529698081	8351875	235112768	459639012	577922790	4142936	
2.812500	fluidanimate	1	1132	31.000000	5.040000	0.966000	1536491007	8304860	234899842	459029663	576654556	4106407	
2.750000	fluidanimate	1	1132	30.000000	5.040000	0.967000	1544478592	8476478	235830459	461087525	579708261	4125485	
2.875000	fluidanimate	1	1132	31.000000	5.040000	0.927000	1545699054	8313128	236046465	460937299	578703047	4150629	
2.750000	fluidanimate	1	1224	31.000000	5.032000	1.167000	1557651182	8324043	235720239	461111372	578359093	4095793	
2.687500	fluidanimate	1	1224	31.000000	5.032000	1.086000	1557792517	8403450	235204322	459530850	578040335	4108288	
2.812500	fluidanimate	1	1224	31.000000	5.040000	1.008000	1561601884	8358077	236093902	460925245	579214391	4175244	
2.750000	fluidanimate	1	1428	32.000000	5.024000	1.446000	1601433654	8333159	238203491	464700207	582887573	4161197	
2.500000	fluidanimate	1	1428	32.000000	5.024000	1.326000	1603658892	8316704	238096781	464265965	582751632	4182027	
2.562500	fluidanimate	1	1428	32.000000	5.024000	1.366000	1578720224	8305789	233878944	457569966	575398174	4047304	
2.625000	fluidanimate	1	1479	32.000000	5.016000	1.605000	1589277065	8277885	234394130	457889283	575732017	4092634	
2.687500	fluidanimate	1	1479	32.000000	5.016000	1.524000	1593688513	8280084	234778813	458497745	576226884	4124134	
2.500000	fluidanimate	1	1479	31.000000	5.024000	1.366000	1578609555	8276240	232789960	455523988	572664099	4112296	
14.500000	freqmine	1	102	30.000000	5.072000	0.243000	1484763720	9449245	241963501	470062661	597492270	4711687	
17.375000	freqmine	1	102	30.000000	5.072000	0.243000	1472168091	9213329	238804490	463842388	593008789	4613009	
14.812500	freqmine	1	102	30.000000	5.072000	0.243000	1479658600	9313868	240342877	466921205	594076048	4626695	
9.750000	freqmine	1	204	30.000000	5.056000	0.323000	1429859960	8917401	234465725	454403535	577153122	4341930	
8.375000	freqmine	1	204	31.000000	5.056000	0.323000	1428245460	8874321	234522858	454916430	577605622	4344150	
9.125000	freqmine	1	204	30.000000	5.064000	0.324000	1449871366	8866681	238226192	461081237	584097502	4484707	
5.187500	freqmine	1	307	31.000000	5.056000	0.404000	1438356116	8674465	235938618	456375021	577330197	4341251	
5.437500	freqmine	1	307	31.000000	5.056000	0.404000	1425623415	8734717	233038258	451435472	573110659	4224285	
5.687500	freqmine	1	307	31.000000	5.056000	0.404000	1426077656	8709445	233292836	451546139	572014387	4275438	
4.437500	freqmine	1	403	31.000000	5.056000	0.485000	1432848080	8602109	234430084	452948036	573714738	4210235	
4.625000	freqmine	1	403	31.000000	5.056000	0.485000	1427287921	8613006	231927806	448708730	569825642	4206496	
4.687500	freqmine	1	403	31.000000	5.056000	0.485000	1433380017	8641766	233319053	451081293	572312334	4141848	
4.250000	freqmine	1	518	31.000000	5.048000	0.565000	1441977408	8528999	231925396	449279145	568061609	4233662	
3.875000	freqmine	1	518	31.000000	5.056000	0.525000	1433472738	8454681	232245056	449247579	567580597	4106945	
3.937500	freqmine	1	518	31.000000	5.056000	0.524000	1439617174	8489164	232946791	450292104	568432109	4176599	
3.625000	freqmine	1	614	31.000000	5.048000	0.605000	1458826080	8479372	233551189	450974787	571019987	4213916	
3.687500	freqmine	1	614	31.000000	5.048000	0.605000	1439199484	8486504	230147461	445155559	564506407	4103879	
3.750000	freqmine	1	614	31.000000	5.056000	0.566000	1452564676	8529523	231900974	448579106	568767834	4171316	
3.687500	freqmine	1	710	32.000000	5.048000	0.686000	1459396470	8442901	232050141	448277368	566961664	4158123	
4.312500	freqmine	1	710	31.000000	5.048000	0.686000	1466362328	8454570	232485616	449197788	568085292	4155531	
3.750000	freqmine	1	710	31.000000	5.048000	0.686000	1466600696	8431452	232349110	448817671	568259255	4103529	
3.000000	freqmine	1	921	32.000000	5.040000	0.806000	1505343985	8409388	234549396	452433385	571683769	4157869	
3.500000	freqmine	1	921	32.000000	5.040000	0.806000	1484519100	8345073	231020018	446776264	565130252	4021016	
3.000000	freqmine	1	921	32.000000	5.040000	0.806000	1492188833	8386214	232214556	448746488	566882321	4074621	
2.750000	freqmine	1	1036	31.000000	5.040000	0.846000	1501664835	8390745	230794334	445786789	564561381	4099073	
2.875000	freqmine	1	1036	32.000000	5.048000	0.848000	1515202628	8407400	233115230	450339619	568258246	4151737	
3.375000	freqmine	1	1036	31.000000	5.040000	0.846000	1510990635	8432880	232154735	448601465	566635575	4121658	
2.625000	freqmine	1	1132	32.000000	5.040000	0.927000	1516380594	8324005	231862880	447932445	565918951	4133372	
2.750000	freqmine	1	1132	32.000000	5.040000	0.927000	1518296423	8417578	231388138	447724020	566503592	4141251	
2.625000	freqmine	1	1132	32.000000	5.040000	0.887000	1518688797	8401425	231743131	447532418	565883342	4091956	
2.625000	freqmine	1	1224	32.000000	5.032000	1.046000	1527314781	8425221	231089535	446859861	565764324	4042077	
2.625000	freqmine	1	1224	32.000000	5.032000	1.086000	1546776763	8396755	234881083	452896304	572345004	4184400	
2.875000	freqmine	1	1224	31.000000	5.032000	1.127000	1540402283	8358360	232269202	448915366	566738459	4127556	
2.750000	freqmine	1	1428	32.000000	5.024000	1.406000	1563617251	8302503	232505333	448943929	566909553	4106756	
2.625000	freqmine	1	1428	32.000000	5.032000	1.247000	1554771209	8266989	231015071	446098267	565114039	4202660	
2.875000	freqmine	1	1428	32.000000	5.024000	1.326000	1562961639	8365429	232148245	448591635	566070897	4104523	
2.625000	freqmine	1	1479	32.000000	5.024000	1.487000	1565711210	8303328	232134655	448321885	565205021	4222274	
3.000000	freqmine	1	1479	32.000000	5.032000	1.288000	1564910966	8331547	231127693	446695902	564264236	4068221	
2.875000	freqmine	1	1479	33.000000	5.024000	1.366000	1562271820	8368626	230290058	445688896	563343067	4055232	
13.875000	streamcluster	1	102	31.000000	5.064000	0.243000	1423898837	8853669	229351962	451237302	571394661	4516272	
16.500000	streamcluster	1	102	31.000000	5.064000	0.243000	1440469224	8860361	231383878	454461993	575616979	4528152	
17.000000	streamcluster	1	102	31.000000	5.072000	0.243000	1428303436	8803969	229785301	451450912	571939729	4447670	
9.750000	streamcluster	1	204	31.000000	5.064000	0.364000	1389841002	8517648	225561932	442219893	559110152	4170152	
7.875000	streamcluster	1	204	31.000000	5.056000	0.404000	1430777896	8587349	227108368	445477714	563567041	4285791	
10.375000	streamcluster	1	204	31.000000	5.064000	0.364000	1410517778	8507294	227844618	446404803	563759204	4250415	
5.125000	streamcluster	1	307	31.000000	5.056000	0.444000	1381043982	8236469	223951835	438443643	552797585	4059971	
6.625000	streamcluster	1	307	31.000000	5.048000	0.444000	1380399060	8249030	223794901	438255595	553273803	4040676	
5.625000	streamcluster	1	307	31.000000	5.056000	0.444000	1376585612	8221354	223214307	437588545	551791957	3998224	
4.875000	streamcluster	1	403	32.000000	5.056000	0.525000	1402005357	8194302	226735910	443257027	557365548	4041562	
4.625000	streamcluster	1	403	31.000000	5.056000	0.485000	1395567426	8238079	224586395	439721162	553656215	4074501	
4.125000	streamcluster	1	403	32.000000	5.056000	0.485000	1396685150	8182369	225571795	440905063	555438429	4042871	
3.750000	streamcluster	1	518	31.000000	5.048000	0.565000	1397679451	8121248	223205068	436958246	550017858	3940529	
3.875000	streamcluster	1	518	32.000000	5.048000	0.565000	1417934702	8151009	227671112	444236595	557741678	4087737	
4.000000	streamcluster	1	518	32.000000	5.048000	0.565000	1400551869	8127916	223383052	436930439	551156806	4005091	
3.500000	streamcluster	1	614	32.000000	5.048000	0.605000	1412196927	8082196	223889232	437904747	550782663	4004021	
4.000000	streamcluster	1	614	32.000000	5.048000	0.646000	1422112289	8069841	225751453	440681072	554458608	4023699	
3.625000	streamcluster	1	614	32.000000	5.048000	0.646000	1416681115	8158205	224534987	438729478	552425675	4020507	
3.375000	streamcluster	1	710	32.000000	5.048000	0.725000	1429854904	8013134	225559143	440688488	553420608	4088628	
3.375000	streamcluster	1	710	32.000000	5.048000	0.646000	1436656132	8094899	225742287	440687740	554611499	3992972	
5.125000	streamcluster	1	710	32.000000	5.048000	0.726000	1433611817	8076589	225225047	440377854	553250036	3941274	
3.125000	streamcluster	1	921	32.000000	5.048000	0.806000	1463882450	8075463	226422319	442010722	554874135	3966113	
3.000000	streamcluster	1	921	32.000000	5.048000	0.807000	1472817497	8072317	227204167	443364038	557254421	4019107	
3.000000	streamcluster	1	921	32.000000	5.040000	0.806000	1451431703	8009284	223489896	436610000	550189041	3948348	
3.125000	streamcluster	1	1036	32.000000	5.048000	0.888000	1472935160	7979995	224813500	439092295	551529546	3941262	
3.375000	streamcluster	1	1036	32.000000	5.040000	0.927000	1479422570	7988252	226362581	441716003	554406091	3988210	
2.750000	streamcluster	1	1036	32.000000	5.040000	0.846000	1470653151	7954334	223959721	437781811	550520381	3997151	
3.250000	streamcluster	1	1132	32.000000	5.048000	0.928000	1479417098	8026656	224060293	437629134	550032657	3968161	
3.125000	streamcluster	1	1132	32.000000	5.040000	0.927000	1486034920	7997412	224985521	439010792	550928109	3936120	
2.875000	streamcluster	1	1132	32.000000	5.048000	0.928000	1474739838	7955845	224096607	437485642	549843544	3936303	
2.750000	streamcluster	1	1224	32.000000	5.040000	1.008000	1484961176	7931854	223530263	436428781	549223292	4008042	
2.750000	streamcluster	1	1224	32.000000	5.040000	1.048000	1475030314	7867656	221571306	433134467	544830025	3865145	
2.625000	streamcluster	1	1224	32.000000	5.040000	1.048000	1494918682	7990745	224279070	437870857	551326475	3945185	
2.875000	streamcluster	1	1428	33.000000	5.040000	1.288000	1512567111	7860559	222222575	434228643	545299462	3892246	
2.750000	streamcluster	1	1428	33.000000	5.040000	1.290000	1532713312	8009439	226714981	441911922	555002271	4087245	
2.625000	streamcluster	1	1428	33.000000	5.040000	1.209000	1517748514	7887910	223586931	436771544	548347318	3926864	
2.625000	streamcluster	1	1479	33.000000	5.032000	1.368000	1516826759	7862003	221865715	434013223	544813439	3876033	
2.625000	streamcluster	1	1479	33.000000	5.032000	1.247000	1525131137	8000193	222086893	434470725	546747407	3874050	
2.750000	streamcluster	1	1479	33.000000	5.032000	1.368000	1530580648	7869477	224396537	438335405	549337910	3932338	
17.125000	vips	1	102	32.000000	5.072000	0.243000	1613477636	9293177	255602589	507346798	635889915	5436135	
14.750000	vips	1	102	32.000000	5.064000	0.243000	1605672860	9098374	255039613	505523664	631225102	5452116	
12.875000	vips	1	102	31.000000	5.072000	0.243000	1597066638	9139712	253322542	502708565	629760255	5389827	
6.625000	vips	1	204	31.000000	5.072000	0.324000	1571499285	8713937	252103587	498331604	619192203	5206694	
7.000000	vips	1	204	32.000000	5.064000	0.324000	1563052450	8682221	251318807	497168798	618308206	5224609	
6.750000	vips	1	204	32.000000	5.072000	0.324000	1574018072	8718566	252560396	499256863	620237330	5252770	
6.125000	vips	1	307	32.000000	5.072000	0.364000	1554867791	8559979	248790757	491807449	610527458	5078844	
5.250000	vips	1	307	32.000000	5.064000	0.364000	1556715742	8469441	248333168	491090312	609870516	5110486	
5.500000	vips	1	307	32.000000	5.064000	0.364000	1549566359	8475589	247664871	489490546	608084772	5006123	
4.500000	vips	1	403	32.000000	5.064000	0.405000	1561599231	8535007	248111407	489945234	611350012	4982264	
4.375000	vips	1	403	32.000000	5.064000	0.405000	1558909431	8376403	247554905	488774894	608114661	5088309	
4.250000	vips	1	403	32.000000	5.064000	0.445000	1579903093	8470143	252041665	497073725	615028423	5054177	
4.375000	vips	1	518	32.000000	5.064000	0.445000	1567386568	8399972	247263088	488232949	606985416	4996057	
3.750000	vips	1	518	32.000000	5.072000	0.445000	1571713474	8424505	248218736	489753688	607961944	4969663	
4.375000	vips	1	518	32.000000	5.064000	0.445000	1565830924	8399513	247103451	488009065	607130198	4903547	
3.500000	vips	1	614	32.000000	5.064000	0.526000	1582539724	8388789	247134507	488206766	608768936	4974593	
3.625000	vips	1	614	32.000000	5.072000	0.486000	1571887289	8233452	245419220	484924565	601721801	4902129	
4.125000	vips	1	614	32.000000	5.064000	0.486000	1582363689	8442706	247555216	489018915	608830407	4899671	
3.375000	vips	1	710	32.000000	5.064000	0.526000	1613244320	8362380	250877016	494501751	615017738	4993377	
3.125000	vips	1	710	32.000000	5.064000	0.526000	1594297879	8386918	247786249	488855967	607908027	4930840	
3.500000	vips	1	710	32.000000	5.064000	0.526000	1598781820	8358923	248219021	489986654	609193442	4969655	
3.125000	vips	1	921	32.000000	5.064000	0.647000	1629185154	8195781	248673810	489869670	606183451	4988919	
3.125000	vips	1	921	32.000000	5.056000	0.647000	1613941360	8160097	246349009	486240816	601523890	4833190	
3.375000	vips	1	921	32.000000	5.064000	0.648000	1610547195	8214396	245405689	484355330	600842933	4839949	
3.000000	vips	1	1036	32.000000	5.056000	0.687000	1640954816	8180976	247856364	488572564	604409135	4896848	
2.750000	vips	1	1036	32.000000	5.056000	0.728000	1641709117	8261444	247935938	489243336	606845096	4916949	
2.750000	vips	1	1036	32.000000	5.056000	0.728000	1628935238	8224352	245710143	485322642	602848806	4838108	
2.875000	vips	1	1132	33.000000	5.056000	0.728000	1634257527	8157779	244635879	482992253	599645594	4927572	
3.125000	vips	1	1132	32.000000	5.056000	0.768000	1652923396	8261955	247568626	488985112	606474503	4888719	
2.875000	vips	1	1132	33.000000	5.056000	0.728000	1650571695	8165764	247598832	488115246	605045621	4900333	
2.875000	vips	1	1224	33.000000	5.056000	0.849000	1667407313	8261017	248366965	489915736	607470502	4916207	
2.750000	vips	1	1224	33.000000	5.048000	0.848000	1657846901	8145540	246300023	486493323	601783727	4888564	
2.750000	vips	1	1224	33.000000	5.056000	0.889000	1670175413	8178546	248275280	489534906	605401267	4957963	
2.625000	vips	1	1428	33.000000	5.048000	1.130000	1685280484	8155015	245754050	485582841	602697271	4913228	
2.750000	vips	1	1428	33.000000	5.048000	1.169000	1681076739	8104297	245519495	484339662	599730102	4871319	
2.625000	vips	1	1428	34.000000	5.048000	1.130000	1705594756	8182637	249522603	491247473	607593998	4965524	
2.875000	vips	1	1479	33.000000	5.048000	1.169000	1703962544	8193237	248042687	489478821	605696596	4956253	
2.750000	vips	1	1479	33.000000	5.048000	1.169000	1685216671	8158709	244812252	483155948	598904768	4812724	
3.500000	vips	1	1479	33.000000	5.040000	1.209000	1694066888	8164486	246435202	485899716	603817568	4885936	
18.375000	x264	1	102	32.000000	5.064000	0.243000	1451776801	9013168	232997366	457840692	581032096	4510149	
17.375000	x264	1	102	32.000000	5.072000	0.243000	1458681741	9003062	234512788	460767678	583647574	4578418	
14.375000	x264	1	102	32.000000	5.072000	0.243000	1452026069	8952951	233290990	458570128	581117139	4637669	
7.125000	x264	1	204	32.000000	5.064000	0.324000	1417352823	8557465	229772255	450715588	568464633	4242088	
7.000000	x264	1	204	32.000000	5.072000	0.324000	1415580389	8590550	229281791	449134583	567639476	4243753	
6.875000	x264	1	204	32.000000	5.072000	0.324000	1413070646	8598100	228485834	448037755	566308855	4286621	
6.000000	x264	1	307	32.000000	5.072000	0.364000	1405238813	8399313	228228180	446415633	562583033	4175349	
6.000000	x264	1	307	32.000000	5.064000	0.486000	1410924234	8384688	227941801	445800042	562943394	4168441	
5.000000	x264	1	307	32.000000	5.072000	0.365000	1425745212	8376739	227306297	445219443	561536618	4136342	
4.375000	x264	1	403	32.000000	5.072000	0.405000	1408914517	8325689	227083025	444083165	559592933	4070730	
4.625000	x264	1	403	32.000000	5.064000	0.405000	1408872023	8331014	226507233	443455659	559052036	4077797	
4.500000	x264	1	403	32.000000	5.072000	0.405000	1425725815	8301651	230101994	449646193	565490628	4138503	
4.000000	x264	1	518	32.000000	5.072000	0.446000	1427211769	8218819	227497161	444934281	559445001	4138311	
3.875000	x264	1	518	32.000000	5.072000	0.446000	1423901356	8233830	227008988	443632172	558833387	4163597	
4.000000	x264	1	518	32.000000	5.072000	0.445000	1436835864	8293371	229224441	447743875	563393118	4089883	
3.625000	x264	1	614	32.000000	5.072000	0.486000	1436063806	8117626	226523966	442646309	557960801	4109684	
3.500000	x264	1	614	32.000000	5.072000	0.446000	1433568858	8119070	226108795	442656088	556689564	4019789	
3.250000	x264	1	614	32.000000	5.072000	0.446000	1435085413	8149223	227033495	443557681	557838686	4034764	
3.500000	x264	1	710	32.000000	5.072000	0.486000	1440852177	8075510	225321023	440739000	554777842	4011497	
3.375000	x264	1	710	33.000000	5.064000	0.486000	1435928859	8111980	225320138	441101180	554622866	3972026	
3.250000	x264	1	710	33.000000	5.064000	0.486000	1436415403	8114097	225345524	440702748	554753357	3967357	
2.750000	x264	1	921	33.000000	5.064000	0.567000	1476092914	8123289	226423722	442483989	557556681	4013569	
2.750000	x264	1	921	32.000000	5.064000	0.567000	1470740956	8053824	225676090	441200872	555006459	4032932	
2.875000	x264	1	921	32.000000	5.064000	0.567000	1468588570	8034939	225421901	440403394	554864431	3937200	
2.625000	x264	1	1036	33.000000	5.064000	0.607000	1484075931	8091937	224684239	438981878	554207709	4019163	
2.625000	x264	1	1036	32.000000	5.056000	0.647000	1503441777	8144919	228846661	446203538	560970507	4083001	
2.875000	x264	1	1036	32.000000	5.064000	0.607000	1482503880	8140815	225495941	440533044	554752689	3984591	
2.875000	x264	1	1132	33.000000	5.056000	0.687000	1492803913	8009463	224827269	439156654	552863611	3959828	
2.750000	x264	1	1132	33.000000	5.064000	0.648000	1490010973	8000669	225384834	440406356	553864851	3958558	
2.875000	x264	1	1132	32.000000	5.048000	0.647000	1486326182	7983462	224900666	439329905	552621501	3924888	
2.750000	x264	1	1224	33.000000	5.056000	0.728000	1512317506	8017809	225985642	441425745	555505519	4012046	
2.875000	x264	1	1224	33.000000	5.064000	0.728000	1505604987	8016730	224873597	439786009	553099851	3911252	
3.375000	x264	1	1224	33.000000	5.056000	0.728000	1512472992	7993739	225686477	441078351	555192420	4024302	
2.625000	x264	1	1428	34.000000	5.048000	0.928000	1549937363	8002338	227820352	444237221	558737622	4105714	
2.875000	x264	1	1428	33.000000	5.040000	0.967000	1535070704	8025784	224875893	439620972	554290036	3994096	
2.750000	x264	1	1428	33.000000	5.048000	0.888000	1536445572	8012245	226205937	441991089	554763755	3990545	
3.000000	x264	1	1479	33.000000	5.048000	0.969000	1535153350	8009541	224155743	438436315	551436915	4033557	
3.500000	x264	1	1479	33.000000	5.040000	1.008000	1538304118	7980807	224225094	438480992	551490577	3889128	
2.875000	x264	1	1479	34.000000	5.040000	0.967000	1537917532	8009013	224030732	438042238	551220776	3907652	
