#Timestamp	Benchmark	Run(#)	CPU Frequency (MHz)	CPU Temperature(C)	Voltage[V]	Power[W]	MEM_ACCESS	BR_MIS_PRED	BR_PRED	L1D_CACHE	L1D_CACHE_REFILE	L1I_TLB_REFILE
1	blackscholes	1	102	31	5.064000	0.243000	458685545	9084333	233045827	457634319	11632828	2057086	
1	blackscholes	1	102	31	5.064000	0.202000	458945427	9108356	233047933	457870332	11658548	2068422	
1	blackscholes	1	102	30	5.072000	0.243000	459925244	9172262	233640296	458855797	11675859	2100313	
1	blackscholes	1	204	31	5.064000	0.364000	450586433	8799342	229899265	449529034	11017639	1863953	
1	blackscholes	1	204	31	5.064000	0.364000	449719470	8639931	229533164	448685444	10980978	1821432	
1	blackscholes	1	204	31	5.064000	0.364000	449702574	8593589	229407152	448671751	10950367	1821825	
1	blackscholes	1	307	31	5.056000	0.444000	444895538	8396013	227345793	443848787	10689173	1754632	
1	blackscholes	1	307	31	5.056000	0.444000	441529063	8347375	225413408	440488451	10541288	1723049	
1	blackscholes	1	307	31	5.056000	0.444000	441177908	8286043	225328594	440134167	10413533	1724974	
1	blackscholes	1	403	31	5.040000	0.564000	440848979	8286636	225017633	439782854	10482765	1698494	
1	blackscholes	1	403	31	5.056000	0.525000	443725781	8350340	226266475	442696177	10600996	1730326	
1	blackscholes	1	403	31	5.048000	0.565000	445249491	8402896	227608379	444204544	10459584	1726257	
1	blackscholes	1	518	31	5.048000	0.646000	442221556	8222651	226019746	441201354	10510746	1678758	
1	blackscholes	1	518	31	5.048000	0.646000	441285574	8232056	225711829	440265731	10316077	1669438	
1	blackscholes	1	518	32	5.048000	0.646000	442386568	8262281	225819449	441323765	10242574	1696270	
1	blackscholes	1	614	31	5.048000	0.686000	444753371	8146539	227732697	443691206	10635730	1652514	
1	blackscholes	1	614	31	5.048000	0.686000	438026849	8122112	223823806	436989746	10389780	1654196	
1	blackscholes	1	614	31	5.048000	0.686000	443450009	8172554	226966562	442452509	10515914	1664036	
1	blackscholes	1	710	32	5.048000	0.767000	445838030	8192843	228137593	444778463	10229378	1678228	
1	blackscholes	1	710	32	5.032000	0.925000	449946879	8330858	230641476	448906058	10676569	1731340	
1	blackscholes	1	710	32	5.040000	0.967000	449161896	8340284	229934294	448140455	10436837	1688752	
1	blackscholes	1	921	32	5.032000	1.127000	449608942	8262666	230270996	448580030	10494168	1687332	
1	blackscholes	1	921	32	5.040000	0.887000	439424539	8148150	224515904	438412872	10284878	1688143	
1	blackscholes	1	921	32	5.040000	0.846000	440173843	8162176	224941355	439176188	10252075	1657501	
1	blackscholes	1	1036	32	5.040000	0.927000	438208788	8141003	223567859	437173435	10135836	1631884	
1	blackscholes	1	1036	32	5.040000	0.927000	448047075	8123703	229535297	447029301	10333374	1641498	
1	blackscholes	1	1036	32	5.040000	0.887000	441110274	8090683	225757505	440072681	10419842	1643968	
1	blackscholes	1	1132	32	5.048000	0.888000	448446754	8200856	229751203	447386560	10349897	1679307	
1	blackscholes	1	1132	32	5.040000	0.927000	442360022	8091995	226118357	441320998	10228966	1657114	
1	blackscholes	1	1132	32	5.040000	0.927000	441182183	8144643	225594854	440167204	10199322	1637152	
1	blackscholes	1	1224	32	5.032000	1.086000	440865144	8055788	225514012	439844438	10249790	1623126	
1	blackscholes	1	1224	33	5.032000	1.127000	441985732	8084040	226107424	440926941	10290113	1629254	
1	blackscholes	1	1224	32	5.032000	1.127000	440140072	8048147	224900523	439146605	10189877	1623607	
1	blackscholes	1	1428	33	5.024000	1.446000	439510518	8002956	224933099	438452454	10120181	1620855	
1	blackscholes	1	1428	33	5.024000	1.487000	438130005	7975868	224235930	437116647	10173464	1638422	
1	blackscholes	1	1428	33	5.024000	1.527000	440658206	8024489	225660420	439665663	10097408	1611223	
1	blackscholes	1	1479	33	5.024000	1.567000	439194790	8006636	224514287	438156937	10061889	1620970	
1	blackscholes	1	1479	33	5.024000	1.487000	448547712	8184679	229905328	447510334	10356228	1632583	
1	blackscholes	1	1479	33	5.024000	1.527000	441239156	7991884	225736219	440204842	10152513	1614479	
1	dedup	1	102	31	5.072000	0.243000	462112932	9005354	234766587	460969752	11747234	2020215	
1	dedup	1	102	31	5.072000	0.243000	456262814	8904179	231577134	455136814	11647049	2013247	
1	dedup	1	102	32	5.072000	0.243000	464824558	8897996	236461804	463623334	11744082	2002881	
1	dedup	1	204	32	5.064000	0.364000	448913669	8508631	228603573	447819659	11126869	1838630	
1	dedup	1	204	31	5.064000	0.364000	453032132	8574002	230733275	451875984	11062886	1818621	
1	dedup	1	204	32	5.064000	0.364000	451486678	8506911	229961258	450300090	11045420	1805762	
1	dedup	1	307	32	5.056000	0.485000	448092584	8401946	228545010	446987534	10611192	1752453	
1	dedup	1	307	32	5.056000	0.485000	454914075	8432875	232487784	453779593	11031973	1767115	
1	dedup	1	307	32	5.056000	0.485000	451854907	8340675	230924995	450716349	10793459	1733659	
1	dedup	1	403	32	5.048000	0.525000	448572555	8414015	228666187	447414815	10860319	1720621	
1	dedup	1	403	32	5.056000	0.566000	448109990	8247876	228945455	447028810	10669571	1714168	
1	dedup	1	403	32	5.056000	0.565000	447875590	8337320	228338549	446761061	10734576	1714725	
1	dedup	1	518	32	5.048000	0.646000	449084725	8242992	229303387	447984386	10486020	1673900	
1	dedup	1	518	32	5.048000	0.646000	447673543	8190219	228655572	446548407	10633188	1680166	
1	dedup	1	518	32	5.048000	0.646000	450270473	8265416	229994532	449167826	10746617	1692744	
1	dedup	1	614	32	5.048000	0.686000	444573314	8255935	227160722	443470066	10534935	1677357	
1	dedup	1	614	32	5.048000	0.686000	443246919	8116317	226579844	442124325	10554478	1687254	
1	dedup	1	614	32	5.048000	0.726000	447967244	8181136	229089614	446862933	10544072	1661314	
1	dedup	1	710	32	5.048000	0.807000	443556188	8133668	226617538	442415207	10388074	1663937	
1	dedup	1	710	32	5.048000	0.767000	446645469	8125263	228252397	445536091	10617248	1647097	
1	dedup	1	710	32	5.048000	0.767000	442713647	8120777	225964900	441601234	10291466	1659477	
1	dedup	1	921	32	5.040000	0.887000	445515670	8091340	227816676	444398638	10441709	1625354	
1	dedup	1	921	32	5.040000	0.846000	447438636	8131172	228586839	446338701	10388494	1656007	
1	dedup	1	921	32	5.040000	0.887000	448498498	8195756	229170877	447397923	10675548	1644634	
1	dedup	1	1036	32	5.040000	0.967000	450451212	8129264	230686493	449332503	10478775	1658701	
1	dedup	1	1036	32	5.040000	0.927000	443033083	8059520	226370914	441936058	10434685	1630954	
1	dedup	1	1036	32	5.040000	0.967000	445690778	8070082	227919946	444483926	10546621	1637332	
1	dedup	1	1132	32	5.040000	1.008000	449154625	8025197	230065760	448044066	10653825	1636642	
1	dedup	1	1132	32	5.040000	0.967000	443991797	8118931	227056495	442861727	10298250	1656776	
1	dedup	1	1132	32	5.040000	1.008000	444215658	8029076	227132386	443119437	10288303	1621106	
1	dedup	1	1224	33	5.032000	1.207000	443858715	8065362	226629461	442717843	10356266	1634726	
1	dedup	1	1224	33	5.032000	1.127000	445763145	8045474	227965667	444683276	10370110	1624032	
1	dedup	1	1224	33	5.032000	1.086000	450104015	8105921	230089060	448990675	10607862	1654668	
1	dedup	1	1428	33	5.032000	1.328000	444909732	8024278	227537650	443791812	10371106	1624923	
1	dedup	1	1428	34	5.024000	1.446000	444817031	7991863	227359129	443698028	10524111	1630213	
1	dedup	1	1428	34	5.024000	1.487000	444005281	8023303	226808591	442853857	10250697	1632660	
1	dedup	1	1479	33	5.024000	1.605000	440722926	7938803	224959722	439551210	10474362	1613488	
1	dedup	1	1479	33	5.024000	1.446000	446122566	7989692	228119586	444992095	10594265	1614796	
1	dedup	1	1479	33	5.016000	1.645000	446623730	8065460	228396203	445451499	10527463	1636473	
1	freqmine	1	102	32	5.072000	0.243000	463681270	9294916	238254144	462520593	11692107	1991785	
1	freqmine	1	102	32	5.072000	0.243000	464680971	9261051	238826135	463542041	11746745	2025859	
1	freqmine	1	102	32	5.064000	0.243000	461433867	9258301	236827389	460332389	11414078	2022202	
1	freqmine	1	204	32	5.064000	0.364000	453943818	8856231	234026471	452847347	11081180	1806630	
1	freqmine	1	204	32	5.064000	0.324000	460647401	8867710	237899092	459520156	10999203	1817461	
1	freqmine	1	204	32	5.064000	0.324000	455630866	8924871	234680721	454508264	11072513	1818766	
1	freqmine	1	307	32	5.048000	0.444000	463152699	9271411	239029388	462035436	11356350	1926835	
1	freqmine	1	307	32	5.048000	0.444000	460004592	8811298	237396249	458883718	10964526	1753535	
1	freqmine	1	307	32	5.056000	0.444000	455374243	8757019	234995413	454250811	10789285	1724884	
1	freqmine	1	403	32	5.048000	0.524000	451124252	8561358	233021391	450002703	10526135	1690022	
1	freqmine	1	403	32	5.056000	0.525000	448887826	8600016	231455541	447798572	10594808	1715980	
1	freqmine	1	403	32	5.056000	0.485000	449421028	8580069	232028585	448342933	10499194	1712212	
1	freqmine	1	518	33	5.064000	0.525000	456788530	8618267	236255313	455710502	10616660	1705598	
1	freqmine	1	518	32	5.056000	0.606000	453182264	8556068	234177987	452067081	10520206	1694439	
1	freqmine	1	518	32	5.056000	0.566000	448304080	8498765	231320417	447192571	10436105	1666096	
1	freqmine	1	614	32	5.048000	0.686000	448972729	8471858	231771141	447877085	10466157	1664463	
1	freqmine	1	614	33	5.048000	0.646000	450660058	8558200	232771127	449552185	10410008	1659265	
1	freqmine	1	614	33	5.048000	0.646000	449049272	8488141	231812138	447965124	10430893	1650886	
1	freqmine	1	710	33	5.048000	0.686000	445673698	8440733	229973944	444516815	10248562	1638978	
1	freqmine	1	710	32	5.048000	0.726000	454878105	8486977	235568372	453789596	10438461	1642725	
1	freqmine	1	710	33	5.040000	0.725000	451433573	8506248	233569160	450322575	10651038	1648512	
1	freqmine	1	921	33	5.032000	0.845000	452054333	8471641	233432814	450912517	10307053	1637979	
1	freqmine	1	921	33	5.032000	0.885000	447770428	8432888	231340130	446663836	10304135	1658979	
1	freqmine	1	921	33	5.032000	0.805000	449158065	8414500	231871530	448067755	10222566	1619370	
1	freqmine	1	1036	33	5.032000	0.925000	449015319	8333342	232339984	447895471	10431921	1614809	
1	freqmine	1	1036	33	5.024000	0.966000	450872456	8365234	232823256	449745184	10335062	1655327	
1	freqmine	1	1036	33	5.032000	0.885000	452044459	8383172	233608796	450951757	10329366	1626672	
1	freqmine	1	1132	33	5.040000	0.927000	445507473	8359369	229800576	444415992	10202181	1625009	
1	freqmine	1	1132	33	5.032000	0.966000	447417501	8427706	231129953	446332741	10320649	1623894	
1	freqmine	1	1132	33	5.040000	0.927000	447748523	8442640	231300480	446648518	10489475	1664498	
1	freqmine	1	1224	33	5.032000	1.086000	446743987	8388694	230737841	445648608	10146183	1639706	
1	freqmine	1	1224	33	5.032000	1.086000	455307309	8391608	235851184	454225489	10419908	1627269	
1	freqmine	1	1224	33	5.024000	1.085000	448183489	8480429	231728523	447079644	10387864	1653398	
1	freqmine	1	1428	34	5.032000	1.368000	445649568	8333083	230376908	444588623	10310334	1634122	
1	freqmine	1	1428	34	5.024000	1.406000	445255224	8349863	229982343	444189787	10131087	1617235	
1	freqmine	1	1428	34	5.024000	1.366000	449530585	8434015	232521881	448421486	10530915	1625638	
1	freqmine	1	1479	34	5.024000	1.406000	444250186	8282610	229425310	443159437	10146690	1608064	
1	freqmine	1	1479	34	5.024000	1.406000	446677666	8231358	230795315	445591376	10232845	1598612	
1	freqmine	1	1479	35	5.024000	1.446000	453221063	8444477	234321424	452131948	10432257	1627089	
1	fruidanimate	1	102	32	5.080000	0.203000	407269423	7873871	206342927	406353689	10117489	1785260	
1	fruidanimate	1	102	32	5.080000	0.203000	410106869	7967356	207954696	409191018	10043402	1795050	
1	fruidanimate	1	102	32	5.080000	0.203000	413214137	8063820	209680424	412274793	10275222	1817209	
1	fruidanimate	1	204	32	5.080000	0.243000	407154045	7653947	207237451	406229796	9727923	1629707	
1	fruidanimate	1	204	32	5.080000	0.243000	403519385	7571921	205492308	402619144	9657964	1596408	
1	fruidanimate	1	204	32	5.080000	0.243000	399045588	7530533	202910704	398125654	9428484	1594700	
1	fruidanimate	1	307	32	5.080000	0.284000	400455536	7399511	203842909	399559985	9398397	1543853	
1	fruidanimate	1	307	32	5.080000	0.284000	400213224	7451251	203550787	399335486	9302928	1541967	
1	fruidanimate	1	307	32	5.080000	0.284000	401963793	7425117	204942189	401067026	9393773	1531849	
1	fruidanimate	1	403	32	5.080000	0.325000	395591679	7301849	201295057	394678695	9320634	1499121	
1	fruidanimate	1	403	32	5.080000	0.325000	399460037	7375502	203740007	398563907	9244221	1520070	
1	fruidanimate	1	403	32	5.080000	0.325000	398376396	7302214	202932057	397500263	9144223	1514273	
1	fruidanimate	1	518	32	5.080000	0.365000	398147345	7294489	202860370	397254894	9111693	1491105	
1	fruidanimate	1	518	32	5.080000	0.365000	398091766	7338082	202784217	397178919	9172587	1520430	
1	fruidanimate	1	518	32	5.080000	0.365000	397470951	7289395	202691952	396577074	9318899	1488067	
1	fruidanimate	1	614	33	5.072000	0.405000	397390991	7222672	202777339	396479848	9463579	1463018	
1	fruidanimate	1	614	32	5.072000	0.405000	396765192	7220757	202188877	395834073	9093682	1463040	
1	fruidanimate	1	614	32	5.072000	0.405000	395452937	7278419	201670113	394558652	9054822	1488618	
1	fruidanimate	1	710	32	5.072000	0.446000	395065338	7252225	201189313	394135583	8939303	1488490	
1	fruidanimate	1	710	32	5.072000	0.446000	396253307	7204173	202150294	395379299	9012138	1455912	
1	fruidanimate	1	710	32	5.072000	0.446000	403503525	7258410	206297935	402592480	9057400	1462344	
1	fruidanimate	1	921	33	5.072000	0.527000	401000506	7249193	204776261	400089032	9175110	1470215	
1	fruidanimate	1	921	33	5.072000	0.527000	397363138	7236502	202861822	396471928	8998829	1465474	
1	fruidanimate	1	921	33	5.072000	0.568000	394842489	7148664	201424876	393914605	9049046	1444751	
1	fruidanimate	1	1036	32	5.072000	0.608000	400729936	7193708	204823129	399821169	9014635	1472235	
1	fruidanimate	1	1036	33	5.072000	0.608000	395027297	7148296	201522047	394118960	9123666	1459069	
1	fruidanimate	1	1036	33	5.072000	0.608000	396281378	7175866	202285081	395411390	9081511	1454303	
1	fruidanimate	1	1132	33	5.072000	0.608000	395385567	7111941	201776793	394516379	8956503	1438878	
1	fruidanimate	1	1132	33	5.072000	0.608000	398697044	7199504	203387610	397807277	8979754	1445134	
1	fruidanimate	1	1132	33	5.064000	0.648000	399919963	7174901	204178671	399045215	9044819	1445882	
1	fruidanimate	1	1224	33	5.064000	0.729000	396329925	7158255	201889652	395437098	8966774	1446216	
1	fruidanimate	1	1224	33	5.056000	0.728000	395375836	7204592	201481055	394466759	8924644	1455813	
1	fruidanimate	1	1224	33	5.056000	0.728000	396040640	7117396	202212307	395151328	9145331	1448761	
1	fruidanimate	1	1428	33	5.056000	0.930000	395473440	7081500	201745089	394582910	8935752	1431749	
1	fruidanimate	1	1428	33	5.056000	0.930000	393735645	7049983	200902153	392843390	8921770	1442045	
1	fruidanimate	1	1428	33	5.056000	0.930000	397235637	7128599	202688722	396344992	8916992	1433889	
1	fruidanimate	1	1479	34	5.056000	1.011000	400262009	7137236	204627242	399354107	8975334	1437164	
1	fruidanimate	1	1479	33	5.056000	1.011000	395965800	7134246	202122413	395074603	8904727	1437735	
1	fruidanimate	1	1479	34	5.056000	1.011000	400769352	7139241	204554032	399878519	9112389	1442259	
1	streamcluster	1	102	32	5.072000	0.243000	452022466	8798464	229788316	450990149	11282822	1960781	
1	streamcluster	1	102	32	5.072000	0.243000	450160878	8837491	228802598	449124014	11403271	1963565	
1	streamcluster	1	102	32	5.072000	0.243000	451913097	8783499	229550588	450901650	11282838	1964357	
1	streamcluster	1	204	33	5.064000	0.364000	445091784	8496329	226857997	444089636	10853037	1796445	
1	streamcluster	1	204	32	5.056000	0.364000	448971415	8460156	229252625	447928393	10831339	1791968	
1	streamcluster	1	204	32	5.056000	0.364000	446985453	8528033	227968363	445955728	10971400	1785385	
1	streamcluster	1	307	32	5.056000	0.485000	439516106	8270204	224237651	438458360	10530669	1706325	
1	streamcluster	1	307	32	5.056000	0.444000	440575740	8244028	224960294	439578219	10503614	1698351	
1	streamcluster	1	307	32	5.056000	0.485000	443595015	8339980	226341071	442562881	10501714	1712978	
1	streamcluster	1	403	32	5.056000	0.525000	437509411	8173558	223310169	436456095	10246349	1679013	
1	streamcluster	1	403	32	5.056000	0.565000	442402465	8284525	225951187	441381960	10395006	1708319	
1	streamcluster	1	403	32	5.048000	0.646000	438459029	8245264	223398555	437446062	10233436	1707230	
1	streamcluster	1	518	33	5.048000	0.605000	447970463	8308691	229188694	446938323	10401878	1673026	
1	streamcluster	1	518	32	5.048000	0.605000	440138200	8139447	224601639	439147250	10178340	1669386	
1	streamcluster	1	518	33	5.048000	0.605000	441855926	8113917	225989404	440823608	10414188	1659246	
1	streamcluster	1	614	33	5.048000	0.686000	441202469	8076701	225764374	440197310	10201952	1660684	
1	streamcluster	1	614	32	5.048000	0.686000	445658132	8180181	228220506	444632911	10337504	1643128	
1	streamcluster	1	614	32	5.048000	0.646000	438504544	8080894	223735841	437493103	10177521	1637857	
1	streamcluster	1	710	33	5.048000	0.726000	438906480	8083336	224404500	437855161	10139018	1633498	
1	streamcluster	1	710	33	5.048000	0.726000	440348831	8102440	225213909	439338911	10250167	1638538	
1	streamcluster	1	710	33	5.048000	0.726000	438246868	8024237	223894583	437214644	10414960	1624491	
1	streamcluster	1	921	32	5.040000	0.887000	435385388	8058774	222199009	434355319	10047351	1618503	
1	streamcluster	1	921	33	5.040000	0.887000	438795845	8018626	224035391	437787840	10114433	1607773	
1	streamcluster	1	921	33	5.040000	0.846000	438012801	8071339	223760903	437005627	10041356	1644335	
1	streamcluster	1	1036	33	5.040000	0.927000	442823285	8024444	226639237	441856275	10047794	1608818	
1	streamcluster	1	1036	33	5.040000	0.927000	435284470	7990110	222190219	434256582	10005127	1621918	
1	streamcluster	1	1036	33	5.040000	1.008000	438672233	8051911	224246360	437684774	10090964	1635924	
1	streamcluster	1	1132	32	5.040000	0.967000	437575311	8012481	223732761	436587257	10033640	1624497	
1	streamcluster	1	1132	32	5.040000	0.967000	436821449	7956148	223216147	435833683	10075422	1615310	
1	streamcluster	1	1132	33	5.032000	1.046000	440819660	7990518	225678833	439797338	10158411	1600359	
1	streamcluster	1	1224	33	5.032000	1.127000	437399030	8025005	223481225	436369199	9950723	1624943	
1	streamcluster	1	1224	33	5.040000	1.086000	439874527	8055403	224981414	438866804	10197448	1612372	
1	streamcluster	1	1224	33	5.032000	1.127000	440721472	7985231	225484585	439737462	10129511	1616206	
1	streamcluster	1	1428	34	5.024000	1.406000	438547149	7936999	224188832	437540364	9950489	1600406	
1	streamcluster	1	1428	34	5.024000	1.366000	436264921	7853719	222787052	435276818	9924429	1579107	
1	streamcluster	1	1428	34	5.024000	1.446000	438111762	8022592	223798465	437102929	9953856	1611787	
1	streamcluster	1	1479	33	5.024000	1.487000	438116292	7996877	224162485	437087754	10230533	1623284	
1	streamcluster	1	1479	33	5.024000	1.487000	437589288	7943611	223888562	436540289	10023723	1633736	
1	streamcluster	1	1479	34	5.024000	1.527000	440164368	8020305	224877571	439114752	10000445	1642489	
1	splash2x.barnes	1	102	32	5.072000	0.243000	5365753792	39470088	1198639355	5364071978	118271024	3249622	
1	splash2x.barnes	1	102	31	5.072000	0.243000	5365913020	39717172	1198275384	5364166746	119368604	3277467	
1	splash2x.barnes	1	102	31	5.072000	0.243000	5360014119	39333616	1196700105	5358327260	117640656	3273977	
1	splash2x.barnes	1	204	31	5.072000	0.324000	5310289270	38852403	1176596097	5308630790	112477018	2432248	
1	splash2x.barnes	1	204	31	5.072000	0.324000	5307093096	38643293	1175231334	5305463866	114337245	2397824	
1	splash2x.barnes	1	204	31	5.072000	0.324000	5320257429	39020143	1181109067	5318593264	113544410	2517490	
1	splash2x.barnes	1	307	31	5.072000	0.365000	5297422047	39327128	1171444452	5295886923	113048799	2478459	
1	splash2x.barnes	1	307	30	5.072000	0.405000	5289849298	38504450	1168523102	5288280456	111652104	2157556	
1	splash2x.barnes	1	307	30	5.072000	0.365000	5294756404	38479713	1171258070	5293188008	111340248	2136793	
1	splash2x.barnes	1	403	31	5.072000	0.446000	5296109880	39030521	1171808241	5294581354	111385671	2279862	
1	splash2x.barnes	1	403	31	5.072000	0.405000	5283537628	38379832	1166807307	5282012140	109560899	2082960	
1	splash2x.barnes	1	403	31	5.072000	0.445000	5282525588	38625132	1166607452	5281025317	110341988	2106609	
1	splash2x.barnes	1	518	31	5.072000	0.486000	5276661028	38293616	1163848137	5275161181	110826112	1946000	
1	splash2x.barnes	1	518	31	5.072000	0.486000	5273728122	38113346	1163243947	5272228967	109488824	1928206	
1	splash2x.barnes	1	518	31	5.072000	0.486000	5277812196	38469700	1163803348	5276280416	109821564	2005145	
1	splash2x.barnes	1	614	31	5.072000	0.486000	5272268613	38111673	1161680502	5270712977	111654085	1921383	
1	splash2x.barnes	1	614	31	5.064000	0.526000	5276549942	38162198	1163438626	5274997186	110011665	1908044	
1	splash2x.barnes	1	614	31	5.072000	0.526000	5276232156	38249755	1164281748	5274733628	109852360	1900873	
1	splash2x.barnes	1	710	31	5.064000	0.526000	5269488201	38085693	1160158177	5267985133	109313202	1846450	
1	splash2x.barnes	1	710	31	5.064000	0.526000	5279041076	38588874	1165360598	5277560617	110382360	2008182	
1	splash2x.barnes	1	710	31	5.064000	0.567000	5279606901	38205055	1165790965	5278089110	108686259	1828566	
1	splash2x.barnes	1	921	31	5.064000	0.607000	5270794019	38127754	1161860659	5269311601	109007024	1795396	
1	splash2x.barnes	1	921	32	5.072000	0.608000	5275597392	38413519	1164040389	5274086190	110262500	1918959	
1	splash2x.barnes	1	921	31	5.064000	0.607000	5270016566	37917689	1161316690	5268469066	108418862	1803682	
1	splash2x.barnes	1	1036	32	5.064000	0.648000	5265882504	38100474	1159028868	5264400517	109182702	1765739	
1	splash2x.barnes	1	1036	32	5.064000	0.648000	5266936639	37966987	1161052292	5265477592	107477475	1795115	
1	splash2x.barnes	1	1036	32	5.064000	0.648000	5269763145	38281494	1160930317	5268276133	110386362	1899522	
1	splash2x.barnes	1	1132	33	5.064000	0.648000	5274457440	38339339	1163541656	5272975005	108807816	1892744	
1	splash2x.barnes	1	1132	33	5.064000	0.648000	5269185589	38185689	1160855949	5267662502	109222957	1834991	
1	splash2x.barnes	1	1132	32	5.064000	0.648000	5266393920	37841229	1160596544	5264933336	109055438	1796434	
1	splash2x.barnes	1	1224	32	5.064000	0.769000	5264778760	38010115	1158066373	5263322582	108524451	1763789	
1	splash2x.barnes	1	1224	33	5.064000	0.768000	5269825265	38272120	1161031342	5268254754	108923824	1859828	
1	splash2x.barnes	1	1224	33	5.064000	0.768000	5266639271	37965330	1159565237	5265177795	109643326	1776796	
1	splash2x.barnes	1	1428	33	5.056000	0.970000	5264670099	37858350	1159487424	5263184680	108608860	1758340	
1	splash2x.barnes	1	1428	34	5.056000	0.970000	5271705425	37896108	1163883108	5270235673	108421158	1759942	
1	splash2x.barnes	1	1428	34	5.056000	1.011000	5263263239	37898341	1158745497	5261786861	108863137	1763070	
1	splash2x.barnes	1	1479	35	5.056000	1.011000	5266163076	37979742	1159768866	5264668714	108003129	1746538	
1	splash2x.barnes	1	1479	33	5.048000	1.049000	5262793620	37939586	1158038985	5261319548	109886438	1720439	
1	splash2x.barnes	1	1479	34	5.056000	1.011000	5265420301	37965926	1160006292	5263964414	107659898	1780153	
1	splash2x.fft	1	102	33	5.072000	0.243000	513082057	9031768	248874606	511817800	12748413	2046186	
1	splash2x.fft	1	102	32	5.072000	0.243000	518734290	9079304	251957658	517463820	12962844	2075071	
1	splash2x.fft	1	102	32	5.072000	0.243000	514842664	9059834	249510550	513572821	12820495	2057408	
1	splash2x.fft	1	204	32	5.072000	0.324000	508024223	8657406	247394311	506800645	12509359	1819122	
1	splash2x.fft	1	204	33	5.064000	0.324000	506352046	8603571	246186452	505102931	12131619	1826788	
1	splash2x.fft	1	204	32	5.064000	0.324000	508486767	8600043	247519497	507262961	12152212	1840729	
1	splash2x.fft	1	307	32	5.064000	0.405000	506184937	8457071	246799106	504970028	11924155	1762490	
1	splash2x.fft	1	307	32	5.056000	0.404000	510628043	8483855	249477577	509404077	11980342	1728336	
1	splash2x.fft	1	307	32	5.064000	0.405000	504453059	8426517	245653961	503233048	11810267	1727187	
1	splash2x.fft	1	403	32	5.064000	0.445000	503338928	8406643	245455987	502137623	11793302	1704976	
1	splash2x.fft	1	403	32	5.064000	0.445000	504095349	8406522	245689973	502859418	11814153	1697019	
1	splash2x.fft	1	403	32	5.056000	0.444000	501000406	8431039	243908340	499806959	11619400	1718369	
1	splash2x.fft	1	518	33	5.064000	0.525000	497830072	8273330	242121301	496599303	11497068	1671819	
1	splash2x.fft	1	518	32	5.064000	0.526000	503572952	8289671	245560562	502333520	11585961	1677066	
1	splash2x.fft	1	518	32	5.064000	0.526000	500938466	8273799	244318101	499745845	11628164	1682842	
1	splash2x.fft	1	614	32	5.064000	0.567000	496891872	8205624	241758180	495688848	11371696	1652072	
1	splash2x.fft	1	614	32	5.064000	0.567000	500390235	8234019	243752803	499179292	11455884	1650771	
1	splash2x.fft	1	614	33	5.056000	0.566000	500007966	8219032	243790726	498793640	11522409	1668328	
1	splash2x.fft	1	710	32	5.064000	0.606000	500278183	8215258	243647474	499068068	11360461	1641518	
1	splash2x.fft	1	710	32	5.064000	0.607000	499417547	8240459	243530326	498204449	11493202	1664489	
1	splash2x.fft	1	710	32	5.064000	0.607000	501674848	8254651	244592072	500441888	11922009	1663015	
1	splash2x.fft	1	921	34	5.056000	0.728000	500996799	8198384	244400460	499750547	11375685	1634565	
1	splash2x.fft	1	921	32	5.056000	0.728000	495872941	8069869	241567153	494619651	11269754	1610883	
1	splash2x.fft	1	921	32	5.056000	0.728000	497505197	8123175	242362029	496295726	11658390	1652456	
1	splash2x.fft	1	1036	33	5.048000	0.807000	498969762	8177914	243167713	497716488	11390631	1634184	
1	splash2x.fft	1	1036	33	5.056000	0.767000	500658788	8170539	244088204	499448686	11474816	1610304	
1	splash2x.fft	1	1036	32	5.056000	0.808000	498424413	8105839	243145483	497236114	11580486	1602489	
1	splash2x.fft	1	1132	32	5.048000	0.848000	499432858	8158486	243254816	498223223	11229878	1623632	
1	splash2x.fft	1	1132	33	5.056000	0.808000	500532201	8127157	244100762	499302537	11244415	1635950	
1	splash2x.fft	1	1132	32	5.048000	0.848000	497121573	8109145	242095855	495870068	11415024	1618957	
1	splash2x.fft	1	1224	33	5.048000	0.928000	499451869	8085896	243731550	498243085	11271976	1600609	
1	splash2x.fft	1	1224	33	5.048000	0.928000	495696064	8064559	241572353	494513227	11194479	1595817	
1	splash2x.fft	1	1224	33	5.048000	0.928000	502852728	8142067	245656215	501643730	11466356	1626066	
1	splash2x.fft	1	1428	34	5.040000	1.169000	496365604	8042111	241797258	495154906	11216666	1599081	
1	splash2x.fft	1	1428	33	5.040000	1.209000	496247933	8029202	241918608	495019306	11215662	1588855	
1	splash2x.fft	1	1428	33	5.040000	1.247000	496665901	8041312	242204417	495458027	11190817	1605361	
1	splash2x.fft	1	1479	34	5.032000	1.328000	504700973	8150031	246776484	503458134	11540795	1646335	
1	splash2x.fft	1	1479	33	5.040000	1.249000	503515901	8120986	245882876	502307743	11492870	1627909	
1	splash2x.fft	1	1479	34	5.040000	1.288000	499019605	8052625	243312652	497829251	11255278	1608437	
